   0.0000000e+00   1.0000000e+00
   7.6000000e-03   9.9970000e-01
   8.8000000e-03   9.9940000e-01
   1.4200000e-02   9.9910000e-01
   1.4400000e-02   9.9910000e-01
   1.4700000e-02   9.9910000e-01
   1.5000000e-02   9.9910000e-01
   1.6100000e-02   9.9910000e-01
   1.8400000e-02   9.9910000e-01
   1.8700000e-02   9.9910000e-01
   1.8800000e-02   9.9910000e-01
   2.2300000e-02   9.9850000e-01
   2.2700000e-02   9.9820000e-01
   2.3200000e-02   9.9820000e-01
   2.3600000e-02   9.9820000e-01
   2.3900000e-02   9.9820000e-01
   2.4300000e-02   9.9820000e-01
   2.7300000e-02   9.9790000e-01
   2.7700000e-02   9.9790000e-01
   2.7900000e-02   9.9790000e-01
   2.8100000e-02   9.9790000e-01
   2.8800000e-02   9.9790000e-01
   2.9100000e-02   9.9790000e-01
   2.9500000e-02   9.9790000e-01
   2.9800000e-02   9.9790000e-01
   3.0100000e-02   9.9790000e-01
   3.3200000e-02   9.9820000e-01
   3.3700000e-02   9.9820000e-01
   3.4100000e-02   9.9820000e-01
   3.4600000e-02   9.9820000e-01
   3.5500000e-02   9.9820000e-01
   3.6000000e-02   9.9790000e-01
   3.6400000e-02   9.9790000e-01
   3.7300000e-02   9.9790000e-01
   3.7800000e-02   9.9790000e-01
   3.9600000e-02   9.9790000e-01
   4.0100000e-02   9.9790000e-01
   4.0500000e-02   9.9790000e-01
   4.1000000e-02   9.9760000e-01
   4.1400000e-02   9.9760000e-01
   4.2300000e-02   9.9760000e-01
   4.2800000e-02   9.9760000e-01
   4.3300000e-02   9.9760000e-01
   4.3700000e-02   9.9760000e-01
   4.4200000e-02   9.9760000e-01
   4.4600000e-02   9.9760000e-01
   4.5500000e-02   9.9760000e-01
   4.5800000e-02   9.9760000e-01
   4.6000000e-02   9.9760000e-01
   4.6500000e-02   9.9730000e-01
   4.6900000e-02   9.9730000e-01
   4.7000000e-02   9.9730000e-01
   5.0100000e-02   9.9790000e-01
   5.0600000e-02   9.9790000e-01
   5.1000000e-02   9.9790000e-01
   5.1500000e-02   9.9790000e-01
   5.1900000e-02   9.9760000e-01
   5.2400000e-02   9.9760000e-01
   5.2900000e-02   9.9760000e-01
   5.4200000e-02   9.9760000e-01
   5.4700000e-02   9.9760000e-01
   5.5100000e-02   9.9760000e-01
   5.5400000e-02   9.9760000e-01
   5.6300000e-02   9.9700000e-01
   5.6400000e-02   9.9700000e-01
   5.6500000e-02   9.9700000e-01
   5.6600000e-02   9.9700000e-01
   5.8800000e-02   9.9700000e-01
   5.9200000e-02   9.9700000e-01
   5.9700000e-02   9.9700000e-01
   6.0200000e-02   9.9700000e-01
   6.0600000e-02   9.9700000e-01
   6.1100000e-02   9.9700000e-01
   6.1500000e-02   9.9700000e-01
   6.3800000e-02   9.9670000e-01
   6.4300000e-02   9.9670000e-01
   6.4700000e-02   9.9670000e-01
   6.5200000e-02   9.9670000e-01
   6.5600000e-02   9.9670000e-01
   6.6100000e-02   9.9670000e-01
   6.6600000e-02   9.9640000e-01
   6.7000000e-02   9.9640000e-01
   7.2100000e-02   9.9600000e-01
   9.0400000e-02   9.9510000e-01
   1.0160000e-01   9.9450000e-01
   1.1070000e-01   9.9390000e-01
   1.1220000e-01   9.9390000e-01
   1.2270000e-01   9.9360000e-01
   1.2600000e-01   9.9330000e-01
   1.3200000e-01   9.9330000e-01
   1.4250000e-01   9.9300000e-01
   1.4510000e-01   9.9300000e-01
   1.5190000e-01   9.9270000e-01
   1.6160000e-01   9.9240000e-01
   1.6990000e-01   9.9180000e-01
   1.7250000e-01   9.9180000e-01
   1.9140000e-01   9.9090000e-01
   2.0260000e-01   9.9060000e-01
   2.0560000e-01   9.9060000e-01
   2.0970000e-01   9.9030000e-01
   2.2170000e-01   9.9000000e-01
   2.2720000e-01   9.9000000e-01
   2.4370000e-01   9.8940000e-01
   2.5610000e-01   9.8870000e-01
   2.6150000e-01   9.8870000e-01
   2.6560000e-01   9.8840000e-01
   2.7800000e-01   9.8810000e-01
   2.8070000e-01   9.8780000e-01
   2.8350000e-01   9.8780000e-01
   2.8790000e-01   9.8750000e-01
   3.0720000e-01   9.8750000e-01
   3.1560000e-01   9.8690000e-01
   3.1760000e-01   9.8690000e-01
   3.1910000e-01   9.8690000e-01
   3.2180000e-01   9.8690000e-01
   3.2580000e-01   9.8660000e-01
   3.2750000e-01   9.8660000e-01
   3.3030000e-01   9.8660000e-01
   3.3410000e-01   9.8630000e-01
   3.3960000e-01   9.8630000e-01
   3.4100000e-01   9.8630000e-01
   3.4370000e-01   9.8600000e-01
   3.5200000e-01   9.8570000e-01
   3.5740000e-01   9.8570000e-01
   3.6010000e-01   9.8540000e-01
   3.6020000e-01   9.8540000e-01
   3.6510000e-01   9.8540000e-01
   3.7380000e-01   9.8480000e-01
   3.7740000e-01   9.8480000e-01
   3.8000000e-01   9.8480000e-01
   3.8310000e-01   9.8450000e-01
   3.8760000e-01   9.8450000e-01
   3.9030000e-01   9.8450000e-01
   3.9300000e-01   9.8450000e-01
   3.9850000e-01   9.8420000e-01
   4.0130000e-01   9.8420000e-01
   4.0400000e-01   9.8390000e-01
   4.1220000e-01   9.8390000e-01
   4.1500000e-01   9.8360000e-01
   4.1790000e-01   9.8330000e-01
   4.2080000e-01   9.8360000e-01
   4.2330000e-01   9.8330000e-01
   4.2870000e-01   9.8330000e-01
   4.3410000e-01   9.8300000e-01
   4.3690000e-01   9.8270000e-01
   4.4140000e-01   9.8270000e-01
   4.5060000e-01   9.8240000e-01
   4.5600000e-01   9.8240000e-01
   4.5760000e-01   9.8210000e-01
   4.6090000e-01   9.8210000e-01
   4.6980000e-01   9.8180000e-01
   4.7260000e-01   9.8180000e-01
   4.7570000e-01   9.8140000e-01
   4.7810000e-01   9.8140000e-01
   4.8900000e-01   9.8110000e-01
   4.9410000e-01   9.8080000e-01
   4.9450000e-01   9.8080000e-01
   5.0290000e-01   9.8050000e-01
   5.1010000e-01   9.8050000e-01
   5.1350000e-01   9.8020000e-01
   5.1360000e-01   9.8020000e-01
   5.1920000e-01   9.8020000e-01
   5.2450000e-01   9.8020000e-01
   5.2460000e-01   9.7990000e-01
   5.2740000e-01   9.7990000e-01
   5.3330000e-01   9.7960000e-01
   5.3770000e-01   9.7960000e-01
   5.4240000e-01   9.7930000e-01
   5.4920000e-01   9.7930000e-01
   5.5420000e-01   9.7900000e-01
   5.5520000e-01   9.7900000e-01
   5.5790000e-01   9.7900000e-01
   5.6490000e-01   9.7870000e-01
   5.6890000e-01   9.7870000e-01
   5.7390000e-01   9.7840000e-01
   5.7490000e-01   9.7840000e-01
   5.7760000e-01   9.7840000e-01
   5.8200000e-01   9.7810000e-01
   5.8760000e-01   9.7810000e-01
   5.8800000e-01   9.7810000e-01
   5.9300000e-01   9.7780000e-01
   5.9340000e-01   9.7780000e-01
   6.0400000e-01   9.7780000e-01
   6.0610000e-01   9.7750000e-01
   6.0670000e-01   9.7750000e-01
   6.1170000e-01   9.7750000e-01
   6.1770000e-01   9.7720000e-01
   6.1990000e-01   9.7720000e-01
   6.2350000e-01   9.7720000e-01
   6.2860000e-01   9.7720000e-01
   6.2870000e-01   9.7690000e-01
   6.3140000e-01   9.7690000e-01
   6.3690000e-01   9.7660000e-01
   6.3690000e-01   9.7660000e-01
   6.4230000e-01   9.7660000e-01
   6.4520000e-01   9.7630000e-01
   6.4800000e-01   9.7630000e-01
   6.5160000e-01   9.7630000e-01
   6.5860000e-01   9.7600000e-01
   6.5990000e-01   9.7600000e-01
   6.6540000e-01   9.7570000e-01
   6.6990000e-01   9.7570000e-01
   6.7630000e-01   9.7540000e-01
   6.8010000e-01   9.7540000e-01
   6.8620000e-01   9.7510000e-01
   6.8890000e-01   9.7510000e-01
   6.9160000e-01   9.7510000e-01
   6.9440000e-01   9.7510000e-01
   6.9710000e-01   9.7480000e-01
   6.9880000e-01   9.7480000e-01
   7.0240000e-01   9.7480000e-01
   7.1080000e-01   9.7450000e-01
   7.1190000e-01   9.7450000e-01
   7.1720000e-01   9.7450000e-01
   7.2290000e-01   9.7410000e-01
   7.2730000e-01   9.7410000e-01
   7.3200000e-01   9.7380000e-01
   7.3470000e-01   9.7410000e-01
   7.3750000e-01   9.7380000e-01
   7.4450000e-01   9.7350000e-01
   7.4850000e-01   9.7350000e-01
   7.5430000e-01   9.7320000e-01
   7.5490000e-01   9.7320000e-01
   7.6280000e-01   9.7290000e-01
   7.7110000e-01   9.7290000e-01
   7.7380000e-01   9.7260000e-01
   7.7650000e-01   9.7260000e-01
   7.8840000e-01   9.7230000e-01
   7.9040000e-01   9.7230000e-01
   7.9570000e-01   9.7200000e-01
   7.9830000e-01   9.7200000e-01
   8.0660000e-01   9.7170000e-01
   8.1200000e-01   9.7170000e-01
   8.1490000e-01   9.7170000e-01
   8.1760000e-01   9.7140000e-01
   8.2030000e-01   9.7140000e-01
   8.2860000e-01   9.7110000e-01
   8.3030000e-01   9.7110000e-01
   8.3490000e-01   9.7110000e-01
   8.4040000e-01   9.7080000e-01
   8.4760000e-01   9.7080000e-01
   8.5040000e-01   9.7050000e-01
   8.5560000e-01   9.7050000e-01
   8.6150000e-01   9.7020000e-01
   8.6350000e-01   9.7020000e-01
   8.6680000e-01   9.7020000e-01
   8.6910000e-01   9.7020000e-01
   8.7230000e-01   9.6990000e-01
   8.7520000e-01   9.6990000e-01
   8.8000000e-01   9.6990000e-01
   8.8230000e-01   9.6990000e-01
   8.8590000e-01   9.6960000e-01
   8.8850000e-01   9.6960000e-01
   8.9410000e-01   9.6960000e-01
   8.9690000e-01   9.6930000e-01
   9.0500000e-01   9.6900000e-01
   9.0800000e-01   9.6900000e-01
   9.1600000e-01   9.6870000e-01
   9.2440000e-01   9.6870000e-01
   9.3540000e-01   9.6840000e-01
   9.3720000e-01   9.6810000e-01
   9.4050000e-01   9.6810000e-01
   9.4330000e-01   9.6810000e-01
   9.4610000e-01   9.6810000e-01
   9.5100000e-01   9.6780000e-01
   9.5360000e-01   9.6780000e-01
   9.5970000e-01   9.6750000e-01
   9.6240000e-01   9.6750000e-01
   9.6490000e-01   9.6750000e-01
   9.6580000e-01   9.6750000e-01
   9.6850000e-01   9.6750000e-01
   9.7310000e-01   9.6750000e-01
   9.8060000e-01   9.6720000e-01
   9.8350000e-01   9.6720000e-01
   9.8890000e-01   9.6680000e-01
   9.9840000e-01   9.6650000e-01
   9.9890000e-01   9.6650000e-01
   1.0052000e+00   9.6650000e-01
   1.0084000e+00   9.6620000e-01
   1.0110000e+00   9.6620000e-01
   1.0161000e+00   9.6620000e-01
   1.0207000e+00   9.6620000e-01
   1.0310000e+00   9.6590000e-01
   1.0338000e+00   9.6590000e-01
   1.0362000e+00   9.6560000e-01
   1.0417000e+00   9.6560000e-01
   1.0429000e+00   9.6560000e-01
   1.0462000e+00   9.6530000e-01
   1.0496000e+00   9.6530000e-01
   1.0552000e+00   9.6530000e-01
   1.0598000e+00   9.6500000e-01
   1.0632000e+00   9.6500000e-01
   1.0658000e+00   9.6500000e-01
   1.0680000e+00   9.6470000e-01
   1.0750000e+00   9.6470000e-01
   1.0779000e+00   9.6470000e-01
   1.0794000e+00   9.6470000e-01
   1.0825000e+00   9.6440000e-01
   1.0851000e+00   9.6440000e-01
   1.0880000e+00   9.6440000e-01
   1.0891000e+00   9.6440000e-01
   1.0918000e+00   9.6410000e-01
   1.0968000e+00   9.6410000e-01
   1.1018000e+00   9.6410000e-01
   1.1053000e+00   9.6410000e-01
   1.1079000e+00   9.6380000e-01
   1.1099000e+00   9.6380000e-01
   1.1134000e+00   9.6380000e-01
   1.1162000e+00   9.6380000e-01
   1.1201000e+00   9.6350000e-01
   1.1241000e+00   9.6320000e-01
   1.1272000e+00   9.6320000e-01
   1.1289000e+00   9.6290000e-01
   1.1307000e+00   9.6290000e-01
   1.1338000e+00   9.6290000e-01
   1.1374000e+00   9.6290000e-01
   1.1401000e+00   9.6260000e-01
   1.1432000e+00   9.6260000e-01
   1.1458000e+00   9.6260000e-01
   1.1514000e+00   9.6260000e-01
   1.1540000e+00   9.6230000e-01
   1.1568000e+00   9.6230000e-01
   1.1596000e+00   9.6230000e-01
   1.1615000e+00   9.6230000e-01
   1.1648000e+00   9.6230000e-01
   1.1671000e+00   9.6200000e-01
   1.1703000e+00   9.6200000e-01
   1.1756000e+00   9.6200000e-01
   1.1784000e+00   9.6170000e-01
   1.1827000e+00   9.6170000e-01
   1.1865000e+00   9.6170000e-01
   1.1902000e+00   9.6170000e-01
   1.1952000e+00   9.6140000e-01
   1.1974000e+00   9.6140000e-01
   1.2000000e+00   9.6110000e-01
   1.2031000e+00   9.6140000e-01
   1.2086000e+00   9.6110000e-01
   1.2116000e+00   9.6110000e-01
   1.2195000e+00   9.6080000e-01
   1.2247000e+00   9.6080000e-01
   1.2307000e+00   9.6050000e-01
   1.2363000e+00   9.6050000e-01
   1.2475000e+00   9.6020000e-01
   1.2529000e+00   9.6020000e-01
   1.2567000e+00   9.5990000e-01
   1.2620000e+00   9.5990000e-01
   1.2669000e+00   9.5950000e-01
   1.2690000e+00   9.5950000e-01
   1.2737000e+00   9.5950000e-01
   1.2800000e+00   9.5950000e-01
   1.2824000e+00   9.5920000e-01
   1.2852000e+00   9.5920000e-01
   1.2907000e+00   9.5920000e-01
   1.2933000e+00   9.5890000e-01
   1.2969000e+00   9.5890000e-01
   1.2977000e+00   9.5890000e-01
   1.3045000e+00   9.5890000e-01
   1.3110000e+00   9.5860000e-01
   1.3140000e+00   9.5860000e-01
   1.3166000e+00   9.5830000e-01
   1.3233000e+00   9.5830000e-01
   1.3259000e+00   9.5830000e-01
   1.3315000e+00   9.5800000e-01
   1.3341000e+00   9.5800000e-01
   1.3366000e+00   9.5800000e-01
   1.3399000e+00   9.5800000e-01
   1.3421000e+00   9.5770000e-01
   1.3507000e+00   9.5770000e-01
   1.3547000e+00   9.5770000e-01
   1.3556000e+00   9.5770000e-01
   1.3587000e+00   9.5740000e-01
   1.3617000e+00   9.5740000e-01
   1.3701000e+00   9.5710000e-01
   1.3738000e+00   9.5710000e-01
   1.3742000e+00   9.5710000e-01
   1.3820000e+00   9.5710000e-01
   1.3887000e+00   9.5680000e-01
   1.3946000e+00   9.5650000e-01
   1.3974000e+00   9.5650000e-01
   1.4031000e+00   9.5650000e-01
   1.4071000e+00   9.5620000e-01
   1.4105000e+00   9.5620000e-01
   1.4166000e+00   9.5620000e-01
   1.4192000e+00   9.5590000e-01
   1.4268000e+00   9.5590000e-01
   1.4328000e+00   9.5560000e-01
   1.4400000e+00   9.5590000e-01
   1.4461000e+00   9.5560000e-01
   1.4565000e+00   9.5560000e-01
   1.4674000e+00   9.5530000e-01
   1.4729000e+00   9.5500000e-01
   1.4757000e+00   9.5500000e-01
   1.4796000e+00   9.5470000e-01
   1.4815000e+00   9.5470000e-01
   1.4841000e+00   9.5470000e-01
   1.4871000e+00   9.5440000e-01
   1.4897000e+00   9.5440000e-01
   1.4955000e+00   9.5440000e-01
   1.4984000e+00   9.5410000e-01
   1.5085000e+00   9.5410000e-01
   1.5139000e+00   9.5410000e-01
   1.5331000e+00   9.5380000e-01
   1.5450000e+00   9.5320000e-01
   1.5488000e+00   9.5320000e-01
   1.5497000e+00   9.5320000e-01
   1.5524000e+00   9.5320000e-01
   1.5556000e+00   9.5320000e-01
   1.5588000e+00   9.5290000e-01
   1.5613000e+00   9.5290000e-01
   1.5641000e+00   9.5290000e-01
   1.5670000e+00   9.5290000e-01
   1.5705000e+00   9.5260000e-01
   1.5719000e+00   9.5260000e-01
   1.5768000e+00   9.5260000e-01
   1.5797000e+00   9.5220000e-01
   1.5823000e+00   9.5260000e-01
   1.5858000e+00   9.5220000e-01
   1.5898000e+00   9.5220000e-01
   1.5911000e+00   9.5190000e-01
   1.5932000e+00   9.5190000e-01
   1.5960000e+00   9.5190000e-01
   1.6008000e+00   9.5190000e-01
   1.6039000e+00   9.5190000e-01
   1.6046000e+00   9.5160000e-01
   1.6068000e+00   9.5160000e-01
   1.6103000e+00   9.5160000e-01
   1.6133000e+00   9.5160000e-01
   1.6171000e+00   9.5160000e-01
   1.6204000e+00   9.5160000e-01
   1.6205000e+00   9.5130000e-01
   1.6241000e+00   9.5130000e-01
   1.6286000e+00   9.5130000e-01
   1.6290000e+00   9.5130000e-01
   1.6316000e+00   9.5130000e-01
   1.6362000e+00   9.5100000e-01
   1.6371000e+00   9.5100000e-01
   1.6398000e+00   9.5130000e-01
   1.6448000e+00   9.5100000e-01
   1.6455000e+00   9.5100000e-01
   1.6484000e+00   9.5070000e-01
   1.6528000e+00   9.5070000e-01
   1.6559000e+00   9.5070000e-01
   1.6580000e+00   9.5070000e-01
   1.6607000e+00   9.5040000e-01
   1.6633000e+00   9.5040000e-01
   1.6646000e+00   9.5040000e-01
   1.6697000e+00   9.5040000e-01
   1.6717000e+00   9.5040000e-01
   1.6741000e+00   9.5040000e-01
   1.6767000e+00   9.4980000e-01
   1.6807000e+00   9.5010000e-01
   1.6816000e+00   9.5010000e-01
   1.6842000e+00   9.5010000e-01
   1.6869000e+00   9.5010000e-01
   1.6904000e+00   9.5010000e-01
   1.6931000e+00   9.4980000e-01
   1.6965000e+00   9.4980000e-01
   1.6992000e+00   9.4980000e-01
   1.7024000e+00   9.4980000e-01
   1.7047000e+00   9.4980000e-01
   1.7058000e+00   9.4950000e-01
   1.7101000e+00   9.4950000e-01
   1.7124000e+00   9.4950000e-01
   1.7156000e+00   9.4950000e-01
   1.7184000e+00   9.4950000e-01
   1.7217000e+00   9.4920000e-01
   1.7240000e+00   9.4920000e-01
   1.7272000e+00   9.4920000e-01
   1.7300000e+00   9.4920000e-01
   1.7302000e+00   9.4920000e-01
   1.7345000e+00   9.4920000e-01
   1.7377000e+00   9.4920000e-01
   1.7406000e+00   9.4890000e-01
   1.7428000e+00   9.4890000e-01
   1.7458000e+00   9.4890000e-01
   1.7484000e+00   9.4890000e-01
   1.7506000e+00   9.4860000e-01
   1.7537000e+00   9.4860000e-01
   1.7565000e+00   9.4860000e-01
   1.7598000e+00   9.4860000e-01
   1.7620000e+00   9.4860000e-01
   1.7654000e+00   9.4830000e-01
   1.7658000e+00   9.4830000e-01
   1.7686000e+00   9.4830000e-01
   1.7713000e+00   9.4830000e-01
   1.7758000e+00   9.4830000e-01
   1.7785000e+00   9.4830000e-01
   1.7821000e+00   9.4800000e-01
   1.7831000e+00   9.4800000e-01
   1.7854000e+00   9.4800000e-01
   1.7876000e+00   9.4800000e-01
   1.7915000e+00   9.4770000e-01
   1.7949000e+00   9.4770000e-01
   1.7985000e+00   9.4770000e-01
   1.8002000e+00   9.4770000e-01
   1.8040000e+00   9.4740000e-01
   1.8059000e+00   9.4770000e-01
   1.8094000e+00   9.4740000e-01
   1.8122000e+00   9.4740000e-01
   1.8139000e+00   9.4740000e-01
   1.8171000e+00   9.4740000e-01
   1.8203000e+00   9.4710000e-01
   1.8201000e+00   9.4710000e-01
   1.8231000e+00   9.4710000e-01
   1.8256000e+00   9.4710000e-01
   1.8286000e+00   9.4710000e-01
   1.8304000e+00   9.4710000e-01
   1.8317000e+00   9.4710000e-01
   1.8358000e+00   9.4680000e-01
   1.8371000e+00   9.4680000e-01
   1.8413000e+00   9.4680000e-01
   1.8445000e+00   9.4680000e-01
   1.8465000e+00   9.4680000e-01
   1.8489000e+00   9.4650000e-01
   1.8532000e+00   9.4650000e-01
   1.8553000e+00   9.4650000e-01
   1.8570000e+00   9.4650000e-01
   1.8613000e+00   9.4650000e-01
   1.8640000e+00   9.4620000e-01
   1.8657000e+00   9.4620000e-01
   1.8695000e+00   9.4620000e-01
   1.8721000e+00   9.4620000e-01
   1.8738000e+00   9.4620000e-01
   1.8764000e+00   9.4620000e-01
   1.8795000e+00   9.4590000e-01
   1.8824000e+00   9.4590000e-01
   1.8857000e+00   9.4590000e-01
   1.8878000e+00   9.4590000e-01
   1.8914000e+00   9.4560000e-01
   1.8931000e+00   9.4560000e-01
   1.8970000e+00   9.4560000e-01
   1.8988000e+00   9.4560000e-01
   1.9015000e+00   9.4560000e-01
   1.9050000e+00   9.4560000e-01
   1.9065000e+00   9.4560000e-01
   1.9108000e+00   9.4530000e-01
   1.9111000e+00   9.4530000e-01
   1.9163000e+00   9.4530000e-01
   1.9191000e+00   9.4530000e-01
   1.9214000e+00   9.4500000e-01
   1.9237000e+00   9.4500000e-01
   1.9265000e+00   9.4500000e-01
   1.9274000e+00   9.4500000e-01
   1.9320000e+00   9.4500000e-01
   1.9352000e+00   9.4460000e-01
   1.9373000e+00   9.4460000e-01
   1.9395000e+00   9.4460000e-01
   1.9421000e+00   9.4460000e-01
   1.9451000e+00   9.4460000e-01
   1.9474000e+00   9.4460000e-01
   1.9505000e+00   9.4460000e-01
   1.9535000e+00   9.4430000e-01
   1.9560000e+00   9.4430000e-01
   1.9592000e+00   9.4430000e-01
   1.9611000e+00   9.4430000e-01
   1.9651000e+00   9.4400000e-01
   1.9683000e+00   9.4400000e-01
   1.9698000e+00   9.4400000e-01
   1.9726000e+00   9.4400000e-01
   1.9751000e+00   9.4400000e-01
   1.9780000e+00   9.4400000e-01
   1.9806000e+00   9.4370000e-01
   1.9840000e+00   9.4370000e-01
   1.9871000e+00   9.4370000e-01
   1.9892000e+00   9.4370000e-01
   1.9918000e+00   9.4370000e-01
   1.9953000e+00   9.4370000e-01
   1.9978000e+00   9.4340000e-01
   2.0006000e+00   9.4340000e-01
   2.0033000e+00   9.4340000e-01
   2.0041000e+00   9.4340000e-01
   2.0082000e+00   9.4340000e-01
   2.0116000e+00   9.4310000e-01
   2.0135000e+00   9.4310000e-01
   2.0170000e+00   9.4310000e-01
   2.0191000e+00   9.4310000e-01
   2.0225000e+00   9.4280000e-01
   2.0247000e+00   9.4280000e-01
   2.0281000e+00   9.4280000e-01
   2.0307000e+00   9.4280000e-01
   2.0338000e+00   9.4280000e-01
   2.0362000e+00   9.4280000e-01
   2.0390000e+00   9.4280000e-01
   2.0422000e+00   9.4250000e-01
   2.0439000e+00   9.4250000e-01
   2.0462000e+00   9.4250000e-01
   2.0497000e+00   9.4250000e-01
   2.0525000e+00   9.4250000e-01
   2.0555000e+00   9.4220000e-01
   2.0587000e+00   9.4220000e-01
   2.0609000e+00   9.4220000e-01
   2.0638000e+00   9.4220000e-01
   2.0658000e+00   9.4220000e-01
   2.0695000e+00   9.4190000e-01
   2.0724000e+00   9.4190000e-01
   2.0745000e+00   9.4190000e-01
   2.0770000e+00   9.4190000e-01
   2.0804000e+00   9.4190000e-01
   2.0827000e+00   9.4190000e-01
   2.0854000e+00   9.4160000e-01
   2.1095000e+00   9.4130000e-01
   2.1287000e+00   9.4100000e-01
   2.1478000e+00   9.4040000e-01
   2.1670000e+00   9.4010000e-01
   2.1862000e+00   9.3980000e-01
   2.2054000e+00   9.3950000e-01
   2.3103000e+00   9.3730000e-01
   2.3117000e+00   9.3730000e-01
   2.3157000e+00   9.3700000e-01
   2.3176000e+00   9.3700000e-01
   2.3205000e+00   9.3700000e-01
   2.3243000e+00   9.3700000e-01
   2.3254000e+00   9.3700000e-01
   2.3294000e+00   9.3700000e-01
   2.3325000e+00   9.3670000e-01
   2.3329000e+00   9.3670000e-01
   2.3381000e+00   9.3670000e-01
   2.3405000e+00   9.3640000e-01
   2.3412000e+00   9.3640000e-01
   2.3457000e+00   9.3640000e-01
   2.3466000e+00   9.3640000e-01
   2.3519000e+00   9.3640000e-01
   2.3543000e+00   9.3640000e-01
   2.3559000e+00   9.3610000e-01
   2.3576000e+00   9.3610000e-01
   2.3605000e+00   9.3610000e-01
   2.3643000e+00   9.3610000e-01
   2.3658000e+00   9.3610000e-01
   2.3707000e+00   9.3610000e-01
   2.4524000e+00   9.3460000e-01
   2.4798000e+00   9.3400000e-01
   2.5071000e+00   9.3340000e-01
   2.5350000e+00   9.3280000e-01
   2.5617000e+00   9.3250000e-01
   2.5667000e+00   9.3220000e-01
   2.5863000e+00   9.3190000e-01
   2.5894000e+00   9.3190000e-01
   2.5912000e+00   9.3190000e-01
   2.5942000e+00   9.3160000e-01
   2.5963000e+00   9.3190000e-01
   2.6001000e+00   9.3160000e-01
   2.6024000e+00   9.3160000e-01
   2.6057000e+00   9.3160000e-01
   2.6085000e+00   9.3160000e-01
   2.6103000e+00   9.3160000e-01
   2.6139000e+00   9.3130000e-01
   2.6160000e+00   9.3130000e-01
   2.6198000e+00   9.3130000e-01
   2.6225000e+00   9.3100000e-01
   2.6233000e+00   9.3100000e-01
   2.6261000e+00   9.3100000e-01
   2.6288000e+00   9.3100000e-01
   2.6341000e+00   9.3070000e-01
   2.6356000e+00   9.3070000e-01
   2.6392000e+00   9.3070000e-01
   2.6412000e+00   9.3070000e-01
   2.6425000e+00   9.3070000e-01
   2.6474000e+00   9.3070000e-01
   2.6480000e+00   9.3070000e-01
   2.6507000e+00   9.3040000e-01
   2.6534000e+00   9.3040000e-01
   2.6573000e+00   9.3040000e-01
   2.6609000e+00   9.3040000e-01
   2.6637000e+00   9.3040000e-01
   2.6649000e+00   9.3000000e-01
   2.6673000e+00   9.3000000e-01
   2.6701000e+00   9.3000000e-01
   2.6726000e+00   9.3000000e-01
   2.6755000e+00   9.3000000e-01
   2.6782000e+00   9.3000000e-01
   2.6809000e+00   9.3000000e-01
   2.6847000e+00   9.2970000e-01
   2.6886000e+00   9.2970000e-01
   2.6892000e+00   9.2970000e-01
   2.6917000e+00   9.2970000e-01
   2.6950000e+00   9.2970000e-01
   2.6974000e+00   9.2970000e-01
   2.7021000e+00   9.2940000e-01
   2.7038000e+00   9.2940000e-01
   2.7075000e+00   9.2940000e-01
   2.7094000e+00   9.2940000e-01
   2.7112000e+00   9.2940000e-01
   2.7149000e+00   9.2910000e-01
   2.7164000e+00   9.2910000e-01
   2.7212000e+00   9.2910000e-01
   2.7224000e+00   9.2910000e-01
   2.7272000e+00   9.2910000e-01
   2.7274000e+00   9.2910000e-01
   2.7319000e+00   9.2880000e-01
   2.7330000e+00   9.2880000e-01
   2.7377000e+00   9.2880000e-01
   2.7394000e+00   9.2880000e-01
   2.7418000e+00   9.2880000e-01
   2.7438000e+00   9.2880000e-01
   2.7486000e+00   9.2850000e-01
   2.7512000e+00   9.2850000e-01
   2.7539000e+00   9.2850000e-01
   2.7566000e+00   9.2850000e-01
   2.7593000e+00   9.2850000e-01
   2.7622000e+00   9.2850000e-01
   2.7656000e+00   9.2820000e-01
   2.7677000e+00   9.2820000e-01
   2.7699000e+00   9.2820000e-01
   2.7725000e+00   9.2820000e-01
   2.7755000e+00   9.2820000e-01
   2.7792000e+00   9.2820000e-01
   2.7801000e+00   9.2790000e-01
   2.7847000e+00   9.2790000e-01
   2.7865000e+00   9.2790000e-01
   2.7877000e+00   9.2790000e-01
   2.7928000e+00   9.2790000e-01
   2.7937000e+00   9.2790000e-01
   2.7985000e+00   9.2790000e-01
   2.7992000e+00   9.2760000e-01
   2.8037000e+00   9.2760000e-01
   2.8067000e+00   9.2760000e-01
   2.8086000e+00   9.2760000e-01
   2.8109000e+00   9.2730000e-01
   2.8148000e+00   9.2730000e-01
   2.8158000e+00   9.2730000e-01
   2.8199000e+00   9.2730000e-01
   2.8212000e+00   9.2730000e-01
   2.8242000e+00   9.2730000e-01
   2.8274000e+00   9.2700000e-01
   2.8298000e+00   9.2700000e-01
   2.8314000e+00   9.2700000e-01
   2.8359000e+00   9.2700000e-01
   2.8387000e+00   9.2700000e-01
   2.8396000e+00   9.2700000e-01
   2.8452000e+00   9.2670000e-01
   2.8480000e+00   9.2670000e-01
   2.8506000e+00   9.2670000e-01
   2.8533000e+00   9.2670000e-01
   2.8562000e+00   9.2670000e-01
   2.8590000e+00   9.2670000e-01
   2.8618000e+00   9.2640000e-01
   2.8664000e+00   9.2640000e-01
   2.8682000e+00   9.2640000e-01
   2.8699000e+00   9.2640000e-01
   2.8726000e+00   9.2640000e-01
   2.8754000e+00   9.2640000e-01
   2.8781000e+00   9.2610000e-01
   2.8807000e+00   9.2610000e-01
   2.8836000e+00   9.2610000e-01
   2.8863000e+00   9.2610000e-01
   2.8891000e+00   9.2610000e-01
   2.8918000e+00   9.2610000e-01
   2.8946000e+00   9.2580000e-01
   2.8976000e+00   9.2580000e-01
   2.9001000e+00   9.2580000e-01
   2.9028000e+00   9.2580000e-01
   2.9369000e+00   9.2520000e-01
   2.9697000e+00   9.2460000e-01
   3.0081000e+00   9.2370000e-01
   3.0465000e+00   9.2310000e-01
   3.0848000e+00   9.2240000e-01
   3.1232000e+00   9.2150000e-01
   3.1615000e+00   9.2090000e-01
   3.2382000e+00   9.1940000e-01
   3.4543000e+00   9.1580000e-01
   3.4577000e+00   9.1580000e-01
   3.4605000e+00   9.1580000e-01
   3.4641000e+00   9.1540000e-01
   3.4644000e+00   9.1540000e-01
   3.4685000e+00   9.1540000e-01
   3.4717000e+00   9.1540000e-01
   3.4739000e+00   9.1510000e-01
   3.4768000e+00   9.1510000e-01
   3.4795000e+00   9.1510000e-01
   3.4823000e+00   9.1510000e-01
   3.4850000e+00   9.1510000e-01
   3.4865000e+00   9.1510000e-01
   3.4899000e+00   9.1510000e-01
   3.4919000e+00   9.1510000e-01
   3.4947000e+00   9.1480000e-01
   3.4974000e+00   9.1480000e-01
   3.5001000e+00   9.1480000e-01
   3.5028000e+00   9.1480000e-01
   3.5070000e+00   9.1480000e-01
   3.5085000e+00   9.1450000e-01
   3.5137000e+00   9.1450000e-01
   3.5165000e+00   9.1450000e-01
   3.5193000e+00   9.1450000e-01
   3.5221000e+00   9.1450000e-01
   3.5260000e+00   9.1420000e-01
   3.5279000e+00   9.1420000e-01
   3.5301000e+00   9.1420000e-01
   3.5328000e+00   9.1420000e-01
   3.5355000e+00   9.1420000e-01
   3.5385000e+00   9.1420000e-01
   3.5419000e+00   9.1390000e-01
   3.5438000e+00   9.1390000e-01
   3.5470000e+00   9.1390000e-01
   3.5494000e+00   9.1390000e-01
   3.5522000e+00   9.1390000e-01
   3.5564000e+00   9.1360000e-01
   3.5597000e+00   9.1360000e-01
   3.5605000e+00   9.1360000e-01
   3.5629000e+00   9.1360000e-01
   3.5681000e+00   9.1360000e-01
   3.5687000e+00   9.1360000e-01
   3.5714000e+00   9.1360000e-01
   3.5766000e+00   9.1330000e-01
   3.5767000e+00   9.1330000e-01
   3.5795000e+00   9.1330000e-01
   3.5827000e+00   9.1330000e-01
   3.5860000e+00   9.1330000e-01
   3.5900000e+00   9.1300000e-01
   3.5910000e+00   9.1300000e-01
   3.5951000e+00   9.1300000e-01
   3.6224000e+00   9.1270000e-01
   3.6602000e+00   9.1210000e-01
   3.6988000e+00   9.1120000e-01
   3.7374000e+00   9.1060000e-01
   3.7552000e+00   9.1060000e-01
   3.7578000e+00   9.1030000e-01
   3.7606000e+00   9.1030000e-01
   3.7637000e+00   9.1030000e-01
   3.7663000e+00   9.1030000e-01
   3.7686000e+00   9.1030000e-01
   3.7717000e+00   9.1030000e-01
   3.7746000e+00   9.1000000e-01
   3.7771000e+00   9.1000000e-01
   3.7798000e+00   9.1000000e-01
   3.7824000e+00   9.1000000e-01
   3.7854000e+00   9.1000000e-01
   3.7885000e+00   9.1000000e-01
   3.7911000e+00   9.1000000e-01
   3.7940000e+00   9.0970000e-01
   3.7966000e+00   9.0970000e-01
   3.7994000e+00   9.0970000e-01
   3.8021000e+00   9.0970000e-01
   3.8057000e+00   9.0940000e-01
   3.8078000e+00   9.0940000e-01
   3.8095000e+00   9.0940000e-01
   3.8122000e+00   9.0940000e-01
   3.8175000e+00   9.0910000e-01
   3.8177000e+00   9.0910000e-01
   3.8230000e+00   9.0910000e-01
   3.8235000e+00   9.0910000e-01
   3.8274000e+00   9.0910000e-01
   3.9628000e+00   9.0660000e-01
   3.9629000e+00   9.0660000e-01
   3.9657000e+00   9.0660000e-01
   3.9684000e+00   9.0660000e-01
   3.9772000e+00   9.0630000e-01
   3.9808000e+00   9.0630000e-01
   4.0036000e+00   9.0630000e-01
   4.0041000e+00   9.0600000e-01
   4.0825000e+00   9.0480000e-01
   4.1565000e+00   9.0330000e-01
   4.2356000e+00   9.0210000e-01
   4.2369000e+00   9.0210000e-01
   4.2407000e+00   9.0210000e-01
   4.2430000e+00   9.0210000e-01
   4.2456000e+00   9.0180000e-01
   4.2482000e+00   9.0180000e-01
   4.2513000e+00   9.0210000e-01
   4.2550000e+00   9.0210000e-01
   4.2572000e+00   9.0180000e-01
   4.2595000e+00   9.0180000e-01
   4.2617000e+00   9.0180000e-01
   4.2653000e+00   9.0150000e-01
   4.2682000e+00   9.0180000e-01
   4.2704000e+00   9.0150000e-01
   4.2729000e+00   9.0180000e-01
   4.2765000e+00   9.0150000e-01
   4.2789000e+00   9.0150000e-01
   4.2813000e+00   9.0150000e-01
   4.2844000e+00   9.0120000e-01
   4.2869000e+00   9.0120000e-01
   4.2900000e+00   9.0150000e-01
   4.2930000e+00   9.0120000e-01
   4.2956000e+00   9.0120000e-01
   4.2981000e+00   9.0120000e-01
   4.3003000e+00   9.0120000e-01
   4.3035000e+00   9.0080000e-01
   4.3068000e+00   9.0080000e-01
   4.3099000e+00   9.0120000e-01
   4.3119000e+00   9.0080000e-01
   4.3139000e+00   9.0080000e-01
   4.3174000e+00   9.0080000e-01
   4.3201000e+00   9.0080000e-01
   4.3231000e+00   9.0050000e-01
   4.3260000e+00   9.0080000e-01
   4.3278000e+00   9.0050000e-01
   4.3302000e+00   9.0050000e-01
   4.3332000e+00   9.0050000e-01
   4.3485000e+00   8.9990000e-01
   4.3507000e+00   8.9990000e-01
   4.3527000e+00   8.9990000e-01
   4.3636000e+00   8.9960000e-01
   4.3660000e+00   8.9990000e-01
   4.3695000e+00   8.9960000e-01
   4.3722000e+00   8.9960000e-01
   4.3773000e+00   8.9960000e-01
   4.3804000e+00   8.9960000e-01
   4.3835000e+00   8.9960000e-01
   4.3849000e+00   8.9960000e-01
   4.3877000e+00   8.9930000e-01
   4.3912000e+00   8.9930000e-01
   4.3952000e+00   8.9930000e-01
   4.3976000e+00   8.9930000e-01
   4.3997000e+00   8.9930000e-01
   4.4017000e+00   8.9930000e-01
   4.4051000e+00   8.9930000e-01
   4.4076000e+00   8.9900000e-01
   4.4111000e+00   8.9900000e-01
   4.4131000e+00   8.9900000e-01
   4.4160000e+00   8.9900000e-01
   4.4188000e+00   8.9900000e-01
   4.4210000e+00   8.9900000e-01
   4.4239000e+00   8.9870000e-01
   4.4266000e+00   8.9870000e-01
   4.4294000e+00   8.9870000e-01
   4.4323000e+00   8.9870000e-01
   4.4353000e+00   8.9870000e-01
   4.4375000e+00   8.9870000e-01
   4.4405000e+00   8.9870000e-01
   4.4425000e+00   8.9840000e-01
   4.4460000e+00   8.9840000e-01
   4.4492000e+00   8.9840000e-01
   4.4518000e+00   8.9840000e-01
   4.4535000e+00   8.9840000e-01
   4.4571000e+00   8.9840000e-01
   4.4589000e+00   8.9810000e-01
   4.4617000e+00   8.9810000e-01
   4.4645000e+00   8.9810000e-01
   4.4681000e+00   8.9810000e-01
   4.4723000e+00   8.9810000e-01
   4.4732000e+00   8.9810000e-01
   4.4754000e+00   8.9780000e-01
   4.4798000e+00   8.9780000e-01
   4.4834000e+00   8.9810000e-01
   4.4835000e+00   8.9780000e-01
   4.4875000e+00   8.9780000e-01
   4.4895000e+00   8.9780000e-01
   4.4919000e+00   8.9780000e-01
   4.4953000e+00   8.9780000e-01
   4.4978000e+00   8.9750000e-01
   4.5011000e+00   8.9750000e-01
   4.5034000e+00   8.9750000e-01
   4.5065000e+00   8.9750000e-01
   4.5084000e+00   8.9750000e-01
   4.5124000e+00   8.9750000e-01
   4.5146000e+00   8.9750000e-01
   4.5169000e+00   8.9750000e-01
   4.5199000e+00   8.9720000e-01
   4.5223000e+00   8.9720000e-01
   4.5253000e+00   8.9720000e-01
   4.5282000e+00   8.9720000e-01
   4.5310000e+00   8.9720000e-01
   4.5348000e+00   8.9690000e-01
   4.5369000e+00   8.9720000e-01
   4.5393000e+00   8.9720000e-01
   4.5418000e+00   8.9690000e-01
   4.5447000e+00   8.9690000e-01
   4.5475000e+00   8.9690000e-01
   4.5498000e+00   8.9690000e-01
   4.5523000e+00   8.9690000e-01
   4.5559000e+00   8.9690000e-01
   4.5584000e+00   8.9690000e-01
   4.5615000e+00   8.9660000e-01
   4.5644000e+00   8.9660000e-01
   4.5674000e+00   8.9660000e-01
   4.5690000e+00   8.9660000e-01
   4.5721000e+00   8.9630000e-01
   4.5747000e+00   8.9660000e-01
   4.5777000e+00   8.9660000e-01
   4.5802000e+00   8.9630000e-01
   4.5827000e+00   8.9630000e-01
   4.5858000e+00   8.9630000e-01
   4.5882000e+00   8.9630000e-01
   4.5913000e+00   8.9600000e-01
   4.5934000e+00   8.9600000e-01
   4.5969000e+00   8.9630000e-01
   4.5997000e+00   8.9630000e-01
   4.6026000e+00   8.9600000e-01
   4.6046000e+00   8.9600000e-01
   4.6075000e+00   8.9600000e-01
   4.6106000e+00   8.9570000e-01
   4.6128000e+00   8.9570000e-01
   4.6163000e+00   8.9600000e-01
   4.6195000e+00   8.9570000e-01
   4.6209000e+00   8.9570000e-01
   4.6241000e+00   8.9570000e-01
   4.6268000e+00   8.9570000e-01
   4.6289000e+00   8.9540000e-01
   4.6324000e+00   8.9570000e-01
   4.6350000e+00   8.9540000e-01
   4.6377000e+00   8.9540000e-01
   4.6407000e+00   8.9540000e-01
   4.6438000e+00   8.9540000e-01
   4.6459000e+00   8.9540000e-01
   4.6495000e+00   8.9510000e-01
   4.6515000e+00   8.9540000e-01
   4.6548000e+00   8.9510000e-01
   4.6578000e+00   8.9510000e-01
   4.6601000e+00   8.9510000e-01
   4.6628000e+00   8.9510000e-01
   4.6656000e+00   8.9510000e-01
   4.6687000e+00   8.9480000e-01
   4.6715000e+00   8.9480000e-01
   4.6740000e+00   8.9480000e-01
   4.6757000e+00   8.9480000e-01
   4.6785000e+00   8.9480000e-01
   4.6821000e+00   8.9480000e-01
   4.6852000e+00   8.9480000e-01
   4.6875000e+00   8.9450000e-01
   4.6900000e+00   8.9450000e-01
   4.6924000e+00   8.9450000e-01
   4.6951000e+00   8.9450000e-01
   4.6985000e+00   8.9450000e-01
   4.7012000e+00   8.9450000e-01
   4.7038000e+00   8.9450000e-01
   4.7068000e+00   8.9420000e-01
   4.7100000e+00   8.9450000e-01
   4.7122000e+00   8.9420000e-01
   4.7160000e+00   8.9420000e-01
   4.7169000e+00   8.9420000e-01
   4.7199000e+00   8.9420000e-01
   4.7228000e+00   8.9420000e-01
   4.7257000e+00   8.9390000e-01
   4.7286000e+00   8.9390000e-01
   4.7305000e+00   8.9390000e-01
   4.7341000e+00   8.9390000e-01
   4.7364000e+00   8.9390000e-01
   4.7394000e+00   8.9390000e-01
   4.7421000e+00   8.9390000e-01
   4.7446000e+00   8.9350000e-01
   4.7475000e+00   8.9350000e-01
   4.7502000e+00   8.9350000e-01
   4.7530000e+00   8.9350000e-01
   4.7560000e+00   8.9350000e-01
   4.7588000e+00   8.9350000e-01
   4.7615000e+00   8.9350000e-01
   4.7643000e+00   8.9350000e-01
   4.7661000e+00   8.9320000e-01
   4.7695000e+00   8.9350000e-01
   4.7722000e+00   8.9320000e-01
   4.7762000e+00   8.9320000e-01
   4.7785000e+00   8.9320000e-01
   4.7822000e+00   8.9320000e-01
   4.7849000e+00   8.9320000e-01
   4.7876000e+00   8.9290000e-01
   4.7915000e+00   8.9290000e-01
   4.7958000e+00   8.9290000e-01
   4.7958000e+00   8.9290000e-01
   4.7990000e+00   8.9260000e-01
   4.8025000e+00   8.9260000e-01
   4.8040000e+00   8.9260000e-01
   4.8067000e+00   8.9260000e-01
   4.8122000e+00   8.9260000e-01
   4.8149000e+00   8.9230000e-01
   4.8150000e+00   8.9230000e-01
   4.8193000e+00   8.9230000e-01
   4.8221000e+00   8.9260000e-01
   4.8243000e+00   8.9230000e-01
   4.9569000e+00   8.9020000e-01
   4.9584000e+00   8.8990000e-01
   4.9602000e+00   8.9020000e-01
   4.9649000e+00   8.8990000e-01
   4.9684000e+00   8.8990000e-01
   4.9684000e+00   8.8990000e-01
   4.9829000e+00   8.8960000e-01
   5.0615000e+00   8.8840000e-01
   5.1369000e+00   8.8720000e-01
   5.2136000e+00   8.8590000e-01
   5.2903000e+00   8.8470000e-01
   5.3026000e+00   8.8440000e-01
   5.3037000e+00   8.8440000e-01
   5.3069000e+00   8.8440000e-01
   5.3097000e+00   8.8410000e-01
   5.3122000e+00   8.8410000e-01
   5.3147000e+00   8.8410000e-01
   5.3189000e+00   8.8410000e-01
   5.3191000e+00   8.8410000e-01
   5.3245000e+00   8.8410000e-01
   5.3247000e+00   8.8410000e-01
   5.3275000e+00   8.8410000e-01
   5.3306000e+00   8.8380000e-01
   5.3338000e+00   8.8380000e-01
   5.3362000e+00   8.8380000e-01
   5.3388000e+00   8.8380000e-01
   5.3415000e+00   8.8380000e-01
   5.3440000e+00   8.8380000e-01
   5.3477000e+00   8.8380000e-01
   5.3518000e+00   8.8380000e-01
   5.3526000e+00   8.8380000e-01
   5.3553000e+00   8.8380000e-01
   5.3580000e+00   8.8350000e-01
   5.3614000e+00   8.8350000e-01
   5.3629000e+00   8.8350000e-01
   5.3683000e+00   8.8320000e-01
   5.3692000e+00   8.8320000e-01
   5.3714000e+00   8.8320000e-01
   5.3762000e+00   8.8320000e-01
   5.3769000e+00   8.8320000e-01
   5.3797000e+00   8.8320000e-01
   5.3841000e+00   8.8290000e-01
   5.3859000e+00   8.8290000e-01
   5.3897000e+00   8.8290000e-01
   5.3903000e+00   8.8290000e-01
   5.3944000e+00   8.8290000e-01
   5.3967000e+00   8.8290000e-01
   5.4010000e+00   8.8290000e-01
   5.4013000e+00   8.8290000e-01
   5.4063000e+00   8.8290000e-01
   5.4068000e+00   8.8260000e-01
   5.4119000e+00   8.8260000e-01
   5.4148000e+00   8.8260000e-01
   5.4156000e+00   8.8260000e-01
   5.4194000e+00   8.8260000e-01
   5.4232000e+00   8.8230000e-01
   5.4258000e+00   8.8230000e-01
   5.4259000e+00   8.8230000e-01
   5.4304000e+00   8.8230000e-01
   5.4332000e+00   8.8230000e-01
   5.4343000e+00   8.8230000e-01
   5.4376000e+00   8.8230000e-01
   5.4639000e+00   8.8200000e-01
   5.5588000e+00   8.8050000e-01
   5.5622000e+00   8.8050000e-01
   5.5654000e+00   8.8050000e-01
   5.5679000e+00   8.8020000e-01
   5.5710000e+00   8.8020000e-01
   5.5733000e+00   8.8020000e-01
   5.5765000e+00   8.8020000e-01
   5.5792000e+00   8.8020000e-01
   5.5820000e+00   8.8020000e-01
   5.5840000e+00   8.8020000e-01
   5.5860000e+00   8.8020000e-01
   5.5890000e+00   8.7990000e-01
   5.5918000e+00   8.7990000e-01
   5.5952000e+00   8.7990000e-01
   5.5974000e+00   8.7990000e-01
   5.6003000e+00   8.7990000e-01
   5.6025000e+00   8.7990000e-01
   5.6065000e+00   8.7960000e-01
   5.6085000e+00   8.7960000e-01
   5.6108000e+00   8.7960000e-01
   5.6138000e+00   8.7960000e-01
   5.6166000e+00   8.7960000e-01
   5.6186000e+00   8.7960000e-01
   5.6206000e+00   8.7930000e-01
   5.6234000e+00   8.7930000e-01
   5.6261000e+00   8.7930000e-01
   5.6288000e+00   8.7930000e-01
   5.6316000e+00   8.7930000e-01
   5.6354000e+00   8.7930000e-01
   5.6384000e+00   8.7930000e-01
   5.6412000e+00   8.7900000e-01
   5.6431000e+00   8.7900000e-01
   5.6452000e+00   8.7900000e-01
   5.6500000e+00   8.7900000e-01
   5.6517000e+00   8.7900000e-01
   5.6548000e+00   8.7900000e-01
   5.6572000e+00   8.7900000e-01
   5.6597000e+00   8.7900000e-01
   5.6627000e+00   8.7900000e-01
   5.6651000e+00   8.7860000e-01
   5.6679000e+00   8.7860000e-01
   5.6720000e+00   8.7860000e-01
   5.6744000e+00   8.7860000e-01
   5.6764000e+00   8.7860000e-01
   5.6796000e+00   8.7830000e-01
   5.6828000e+00   8.7830000e-01
   5.6848000e+00   8.7830000e-01
   5.6874000e+00   8.7830000e-01
   5.6907000e+00   8.7830000e-01
   5.6927000e+00   8.7830000e-01
   5.6952000e+00   8.7830000e-01
   5.6985000e+00   8.7830000e-01
   5.7018000e+00   8.7800000e-01
   5.7038000e+00   8.7800000e-01
   5.7069000e+00   8.7800000e-01
   5.7092000e+00   8.7800000e-01
   5.7125000e+00   8.7770000e-01
   5.7149000e+00   8.7770000e-01
   5.7181000e+00   8.7770000e-01
   5.7199000e+00   8.7770000e-01
   5.7225000e+00   8.7770000e-01
   5.7255000e+00   8.7770000e-01
   5.7280000e+00   8.7770000e-01
   5.7309000e+00   8.7770000e-01
   5.7348000e+00   8.7770000e-01
   5.7367000e+00   8.7770000e-01
   5.7391000e+00   8.7740000e-01
   5.7416000e+00   8.7740000e-01
   5.7446000e+00   8.7740000e-01
   5.7475000e+00   8.7740000e-01
   5.7509000e+00   8.7740000e-01
   5.7529000e+00   8.7740000e-01
   5.7559000e+00   8.7740000e-01
   5.7590000e+00   8.7740000e-01
   5.7620000e+00   8.7710000e-01
   5.7645000e+00   8.7710000e-01
   5.7674000e+00   8.7710000e-01
   5.7694000e+00   8.7710000e-01
   5.7721000e+00   8.7710000e-01
   5.7758000e+00   8.7710000e-01
   5.7783000e+00   8.7710000e-01
   5.7807000e+00   8.7680000e-01
   5.7830000e+00   8.7680000e-01
   5.7856000e+00   8.7680000e-01
   5.7885000e+00   8.7680000e-01
   5.7921000e+00   8.7650000e-01
   5.7954000e+00   8.7650000e-01
   5.7983000e+00   8.7650000e-01
   5.7988000e+00   8.7650000e-01
   5.8014000e+00   8.7650000e-01
   5.8043000e+00   8.7650000e-01
   5.8071000e+00   8.7620000e-01
   5.8107000e+00   8.7620000e-01
   5.8133000e+00   8.7620000e-01
   5.8273000e+00   8.7620000e-01
   5.8786000e+00   8.7530000e-01
   5.8813000e+00   8.7530000e-01
   5.8855000e+00   8.7530000e-01
   5.8880000e+00   8.7530000e-01
   5.8917000e+00   8.7500000e-01
   5.8939000e+00   8.7500000e-01
   5.8965000e+00   8.7500000e-01
   5.8991000e+00   8.7500000e-01
   5.9008000e+00   8.7500000e-01
   5.9039000e+00   8.7500000e-01
   5.9067000e+00   8.7470000e-01
   5.9099000e+00   8.7470000e-01
   5.9118000e+00   8.7470000e-01
   5.9146000e+00   8.7470000e-01
   5.9173000e+00   8.7470000e-01
   5.9197000e+00   8.7470000e-01
   5.9237000e+00   8.7470000e-01
   5.9260000e+00   8.7470000e-01
   5.9286000e+00   8.7440000e-01
   5.9317000e+00   8.7440000e-01
   5.9340000e+00   8.7440000e-01
   5.9368000e+00   8.7440000e-01
   5.9396000e+00   8.7410000e-01
   5.9428000e+00   8.7410000e-01
   5.9465000e+00   8.7410000e-01
   5.9476000e+00   8.7410000e-01
   5.9497000e+00   8.7410000e-01
   5.9538000e+00   8.7410000e-01
   5.9560000e+00   8.7410000e-01
   5.9586000e+00   8.7410000e-01
   5.9606000e+00   8.7380000e-01
   5.9637000e+00   8.7380000e-01
   5.9656000e+00   8.7380000e-01
   5.9668000e+00   8.7380000e-01
   5.9689000e+00   8.7380000e-01
   5.9720000e+00   8.7380000e-01
   5.9744000e+00   8.7380000e-01
   5.9769000e+00   8.7380000e-01
   5.9820000e+00   8.7350000e-01
   5.9831000e+00   8.7350000e-01
   5.9864000e+00   8.7350000e-01
   5.9894000e+00   8.7350000e-01
   5.9905000e+00   8.7350000e-01
   5.9943000e+00   8.7350000e-01
   5.9968000e+00   8.7350000e-01
   6.0001000e+00   8.7320000e-01
   6.0032000e+00   8.7320000e-01
   6.0054000e+00   8.7320000e-01
   6.0070000e+00   8.7320000e-01
   6.0114000e+00   8.7320000e-01
   6.0137000e+00   8.7290000e-01
   6.0160000e+00   8.7320000e-01
   6.0201000e+00   8.7320000e-01
   6.0205000e+00   8.7320000e-01
   6.0257000e+00   8.7320000e-01
   6.0277000e+00   8.7320000e-01
   6.0308000e+00   8.7290000e-01
   6.0319000e+00   8.7290000e-01
   6.0354000e+00   8.7290000e-01
   6.0383000e+00   8.7290000e-01
   6.0418000e+00   8.7290000e-01
   6.0437000e+00   8.7290000e-01
   6.0462000e+00   8.7290000e-01
   6.0494000e+00   8.7260000e-01
   6.0515000e+00   8.7260000e-01
   6.0555000e+00   8.7260000e-01
   6.0578000e+00   8.7260000e-01
   6.0604000e+00   8.7260000e-01
   6.0628000e+00   8.7260000e-01
   6.0666000e+00   8.7230000e-01
   6.0690000e+00   8.7230000e-01
   6.0706000e+00   8.7230000e-01
   6.0741000e+00   8.7230000e-01
   6.0766000e+00   8.7230000e-01
   6.0800000e+00   8.7230000e-01
   6.0818000e+00   8.7230000e-01
   6.0860000e+00   8.7200000e-01
   6.0886000e+00   8.7200000e-01
   6.0906000e+00   8.7200000e-01
   6.0931000e+00   8.7200000e-01
   6.0961000e+00   8.7200000e-01
   6.0984000e+00   8.7200000e-01
   6.1018000e+00   8.7200000e-01
   6.1039000e+00   8.7200000e-01
   6.1073000e+00   8.7170000e-01
   6.1107000e+00   8.7170000e-01
   6.1129000e+00   8.7170000e-01
   6.1148000e+00   8.7170000e-01
   6.1183000e+00   8.7170000e-01
   6.1201000e+00   8.7170000e-01
   6.1237000e+00   8.7170000e-01
   6.1267000e+00   8.7130000e-01
   6.1292000e+00   8.7130000e-01
   6.1323000e+00   8.7130000e-01
   6.1343000e+00   8.7130000e-01
   6.1367000e+00   8.7130000e-01
   6.1403000e+00   8.7130000e-01
   6.1427000e+00   8.7130000e-01
   6.1465000e+00   8.7100000e-01
   6.1512000e+00   8.7100000e-01
   6.1551000e+00   8.7100000e-01
   6.1586000e+00   8.7100000e-01
   6.1609000e+00   8.7100000e-01
   6.1641000e+00   8.7070000e-01
   6.1666000e+00   8.7070000e-01
   6.1701000e+00   8.7070000e-01
   6.1734000e+00   8.7070000e-01
   6.1763000e+00   8.7070000e-01
   6.1787000e+00   8.7070000e-01
   6.1802000e+00   8.7040000e-01
   6.1831000e+00   8.7040000e-01
   6.1863000e+00   8.7040000e-01
   6.1879000e+00   8.7040000e-01
   6.1919000e+00   8.7040000e-01
   6.1931000e+00   8.7040000e-01
   6.1965000e+00   8.7040000e-01
   6.2001000e+00   8.7010000e-01
   6.2029000e+00   8.7010000e-01
   6.2052000e+00   8.7010000e-01
   6.2075000e+00   8.7010000e-01
   6.2109000e+00   8.7010000e-01
   6.2144000e+00   8.7010000e-01
   6.2166000e+00   8.7010000e-01
   6.2190000e+00   8.7010000e-01
   6.2213000e+00   8.6980000e-01
   6.2236000e+00   8.6980000e-01
   6.2276000e+00   8.6980000e-01
   6.2300000e+00   8.6980000e-01
   6.2328000e+00   8.6980000e-01
   6.2351000e+00   8.6980000e-01
   6.2380000e+00   8.6980000e-01
   6.2402000e+00   8.6950000e-01
   6.2431000e+00   8.6950000e-01
   6.2460000e+00   8.6950000e-01
   6.2489000e+00   8.6950000e-01
   6.2518000e+00   8.6950000e-01
   6.2547000e+00   8.6950000e-01
   6.2570000e+00   8.6920000e-01
   6.2599000e+00   8.6920000e-01
   6.2628000e+00   8.6920000e-01
   6.2656000e+00   8.6920000e-01
   6.2688000e+00   8.6920000e-01
   6.2711000e+00   8.6920000e-01
   6.2735000e+00   8.6920000e-01
   6.2769000e+00   8.6920000e-01
   6.2789000e+00   8.6920000e-01
   6.2819000e+00   8.6890000e-01
   6.2844000e+00   8.6890000e-01
   6.2873000e+00   8.6860000e-01
   6.2897000e+00   8.6860000e-01
   6.2935000e+00   8.6860000e-01
   6.2952000e+00   8.6860000e-01
   6.2997000e+00   8.6860000e-01
   6.3004000e+00   8.6860000e-01
   6.3031000e+00   8.6860000e-01
   6.3066000e+00   8.6860000e-01
   6.3090000e+00   8.6830000e-01
   6.3123000e+00   8.6830000e-01
   6.3158000e+00   8.6830000e-01
   6.3168000e+00   8.6830000e-01
   6.3202000e+00   8.6830000e-01
   6.3235000e+00   8.6830000e-01
   6.3259000e+00   8.6830000e-01
   6.3287000e+00   8.6800000e-01
   6.3307000e+00   8.6800000e-01
   6.3341000e+00   8.6800000e-01
   6.3366000e+00   8.6800000e-01
   6.3391000e+00   8.6800000e-01
   6.3414000e+00   8.6800000e-01
   6.3467000e+00   8.6800000e-01
   6.3498000e+00   8.6770000e-01
   6.3532000e+00   8.6770000e-01
   6.3552000e+00   8.6770000e-01
   6.3590000e+00   8.6770000e-01
   6.3621000e+00   8.6770000e-01
   6.3643000e+00   8.6770000e-01
   6.3662000e+00   8.6770000e-01
   6.3771000e+00   8.6740000e-01
   6.3796000e+00   8.6740000e-01
   6.3824000e+00   8.6740000e-01
   6.3858000e+00   8.6740000e-01
   6.3933000e+00   8.6740000e-01
   6.3959000e+00   8.6740000e-01
   6.3986000e+00   8.6710000e-01
   6.4014000e+00   8.6710000e-01
   6.4043000e+00   8.6710000e-01
   6.4082000e+00   8.6710000e-01
   6.4116000e+00   8.6680000e-01
   6.4124000e+00   8.6680000e-01
   6.4156000e+00   8.6680000e-01
   6.4185000e+00   8.6680000e-01
   6.4217000e+00   8.6680000e-01
   6.4249000e+00   8.6680000e-01
   6.4275000e+00   8.6650000e-01
   6.4295000e+00   8.6650000e-01
   6.4316000e+00   8.6650000e-01
   6.4353000e+00   8.6650000e-01
   6.4372000e+00   8.6650000e-01
   6.4418000e+00   8.6650000e-01
   6.4428000e+00   8.6650000e-01
   6.4466000e+00   8.6650000e-01
   6.4490000e+00   8.6650000e-01
   6.4515000e+00   8.6620000e-01
   6.4547000e+00   8.6620000e-01
   6.4797000e+00   8.6590000e-01
   6.5560000e+00   8.6470000e-01
   6.5581000e+00   8.6470000e-01
   6.5628000e+00   8.6470000e-01
   6.5632000e+00   8.6470000e-01
   6.5681000e+00   8.6470000e-01
   6.5697000e+00   8.6470000e-01
   6.5719000e+00   8.6470000e-01
   6.5750000e+00   8.6440000e-01
   6.5778000e+00   8.6440000e-01
   6.5810000e+00   8.6440000e-01
   6.5838000e+00   8.6440000e-01
   6.5859000e+00   8.6440000e-01
   6.5883000e+00   8.6440000e-01
   6.5913000e+00   8.6400000e-01
   6.5938000e+00   8.6400000e-01
   6.5960000e+00   8.6400000e-01
   6.5993000e+00   8.6400000e-01
   6.6016000e+00   8.6400000e-01
   6.6048000e+00   8.6400000e-01
   6.6076000e+00   8.6400000e-01
   6.6107000e+00   8.6370000e-01
   6.6136000e+00   8.6370000e-01
   6.6158000e+00   8.6370000e-01
   6.6186000e+00   8.6400000e-01
   6.6213000e+00   8.6370000e-01
   6.6241000e+00   8.6370000e-01
   6.6267000e+00   8.6370000e-01
   6.6302000e+00   8.6370000e-01
   6.6323000e+00   8.6340000e-01
   6.6348000e+00   8.6340000e-01
   6.6376000e+00   8.6340000e-01
   6.6405000e+00   8.6340000e-01
   6.6436000e+00   8.6340000e-01
   6.6464000e+00   8.6340000e-01
   6.6485000e+00   8.6340000e-01
   6.6515000e+00   8.6340000e-01
   6.6541000e+00   8.6310000e-01
   6.6571000e+00   8.6310000e-01
   6.6599000e+00   8.6310000e-01
   6.6625000e+00   8.6310000e-01
   6.6654000e+00   8.6310000e-01
   6.6687000e+00   8.6310000e-01
   6.6705000e+00   8.6310000e-01
   6.6734000e+00   8.6280000e-01
   6.6761000e+00   8.6280000e-01
   6.6791000e+00   8.6280000e-01
   6.6817000e+00   8.6280000e-01
   6.6851000e+00   8.6280000e-01
   6.6881000e+00   8.6280000e-01
   6.6902000e+00   8.6280000e-01
   6.6930000e+00   8.6280000e-01
   6.6959000e+00   8.6250000e-01
   6.6981000e+00   8.6250000e-01
   6.7011000e+00   8.6250000e-01
   6.7035000e+00   8.6250000e-01
   6.7065000e+00   8.6250000e-01
   6.7091000e+00   8.6250000e-01
   6.7116000e+00   8.6250000e-01
   6.7147000e+00   8.6250000e-01
   6.7177000e+00   8.6250000e-01
   6.7198000e+00   8.6220000e-01
   6.7230000e+00   8.6220000e-01
   6.7258000e+00   8.6220000e-01
   6.7286000e+00   8.6220000e-01
   6.7319000e+00   8.6220000e-01
   6.7341000e+00   8.6220000e-01
   6.7378000e+00   8.6190000e-01
   6.7395000e+00   8.6190000e-01
   6.7423000e+00   8.6190000e-01
   6.7443000e+00   8.6190000e-01
   6.7475000e+00   8.6190000e-01
   6.7503000e+00   8.6160000e-01
   6.7534000e+00   8.6160000e-01
   6.7558000e+00   8.6160000e-01
   6.7581000e+00   8.6160000e-01
   6.7612000e+00   8.6160000e-01
   6.7634000e+00   8.6160000e-01
   6.7665000e+00   8.6160000e-01
   6.7695000e+00   8.6160000e-01
   6.7721000e+00   8.6160000e-01
   6.7751000e+00   8.6160000e-01
   6.7784000e+00   8.6160000e-01
   6.7803000e+00   8.6160000e-01
   6.7833000e+00   8.6130000e-01
   6.7858000e+00   8.6130000e-01
   6.7879000e+00   8.6130000e-01
   6.7907000e+00   8.6130000e-01
   6.7944000e+00   8.6130000e-01
   6.7968000e+00   8.6100000e-01
   6.7993000e+00   8.6100000e-01
   6.8019000e+00   8.6100000e-01
   6.8049000e+00   8.6100000e-01
   6.8080000e+00   8.6100000e-01
   6.8108000e+00   8.6100000e-01
   6.8134000e+00   8.6100000e-01
   6.8156000e+00   8.6070000e-01
   6.8189000e+00   8.6070000e-01
   6.8221000e+00   8.6070000e-01
   6.8242000e+00   8.6070000e-01
   6.8273000e+00   8.6070000e-01
   6.8300000e+00   8.6040000e-01
   6.8332000e+00   8.6040000e-01
   6.8355000e+00   8.6040000e-01
   6.8376000e+00   8.6040000e-01
   6.8408000e+00   8.6040000e-01
   6.8430000e+00   8.6040000e-01
   6.8460000e+00   8.6040000e-01
   6.8497000e+00   8.6040000e-01
   6.8527000e+00   8.6010000e-01
   6.8545000e+00   8.6040000e-01
   6.8574000e+00   8.6010000e-01
   6.8599000e+00   8.6010000e-01
   6.8629000e+00   8.6010000e-01
   6.8646000e+00   8.6010000e-01
   6.8684000e+00   8.6010000e-01
   6.8709000e+00   8.5980000e-01
   6.8736000e+00   8.5980000e-01
   6.8765000e+00   8.5980000e-01
   6.8791000e+00   8.5980000e-01
   6.8831000e+00   8.5980000e-01
   6.8843000e+00   8.5980000e-01
   6.8868000e+00   8.5980000e-01
   6.8912000e+00   8.5950000e-01
   6.8928000e+00   8.5950000e-01
   6.8952000e+00   8.5950000e-01
   6.8983000e+00   8.5950000e-01
   6.9016000e+00   8.5950000e-01
   6.9044000e+00   8.5950000e-01
   6.9060000e+00   8.5950000e-01
   6.9085000e+00   8.5920000e-01
   6.9112000e+00   8.5920000e-01
   6.9150000e+00   8.5920000e-01
   6.9176000e+00   8.5920000e-01
   6.9201000e+00   8.5920000e-01
   6.9236000e+00   8.5920000e-01
   6.9258000e+00   8.5890000e-01
   6.9278000e+00   8.5890000e-01
   6.9308000e+00   8.5890000e-01
   6.9336000e+00   8.5890000e-01
   6.9362000e+00   8.5890000e-01
   6.9392000e+00   8.5890000e-01
   6.9426000e+00   8.5890000e-01
   6.9456000e+00   8.5860000e-01
   6.9477000e+00   8.5860000e-01
   6.9523000e+00   8.5860000e-01
   6.9558000e+00   8.5860000e-01
   6.9590000e+00   8.5860000e-01
   6.9625000e+00   8.5860000e-01
   6.9641000e+00   8.5830000e-01
   6.9669000e+00   8.5830000e-01
   6.9697000e+00   8.5830000e-01
   6.9728000e+00   8.5830000e-01
   6.9749000e+00   8.5830000e-01
   6.9779000e+00   8.5800000e-01
   6.9829000e+00   8.5800000e-01
   6.9883000e+00   8.5800000e-01
   6.9909000e+00   8.5800000e-01
   6.9936000e+00   8.5800000e-01
   6.9964000e+00   8.5800000e-01
   6.9992000e+00   8.5800000e-01
   7.0029000e+00   8.5800000e-01
   7.0045000e+00   8.5800000e-01
   7.0077000e+00   8.5770000e-01
   7.0103000e+00   8.5770000e-01
   7.0131000e+00   8.5770000e-01
   7.0160000e+00   8.5770000e-01
   7.0191000e+00   8.5770000e-01
   7.0222000e+00   8.5770000e-01
   7.0254000e+00   8.5740000e-01
   7.0279000e+00   8.5740000e-01
   7.0289000e+00   8.5740000e-01
   7.0329000e+00   8.5740000e-01
   7.0366000e+00   8.5740000e-01
   7.0391000e+00   8.5740000e-01
   7.0412000e+00   8.5740000e-01
   7.0433000e+00   8.5740000e-01
   7.0457000e+00   8.5740000e-01
   7.0504000e+00   8.5740000e-01
   7.0519000e+00   8.5710000e-01
   7.0553000e+00   8.5710000e-01
   7.0575000e+00   8.5710000e-01
   7.0610000e+00   8.5710000e-01
   7.0634000e+00   8.5710000e-01
   7.0659000e+00   8.5710000e-01
   7.0682000e+00   8.5710000e-01
   7.0704000e+00   8.5710000e-01
   7.0745000e+00   8.5670000e-01
   7.0766000e+00   8.5670000e-01
   7.0787000e+00   8.5670000e-01
   7.0811000e+00   8.5670000e-01
   7.0843000e+00   8.5670000e-01
   7.0867000e+00   8.5670000e-01
   7.0895000e+00   8.5670000e-01
   7.0921000e+00   8.5670000e-01
   7.0960000e+00   8.5640000e-01
   7.0984000e+00   8.5640000e-01
   7.1010000e+00   8.5640000e-01
   7.1036000e+00   8.5640000e-01
   7.1066000e+00   8.5640000e-01
   7.1094000e+00   8.5610000e-01
   7.1117000e+00   8.5610000e-01
   7.1147000e+00   8.5610000e-01
   7.1167000e+00   8.5610000e-01
   7.1197000e+00   8.5610000e-01
   7.1226000e+00   8.5610000e-01
   7.1255000e+00   8.5580000e-01
   7.1282000e+00   8.5580000e-01
   7.1308000e+00   8.5580000e-01
   7.1339000e+00   8.5580000e-01
   7.1359000e+00   8.5580000e-01
   7.1388000e+00   8.5580000e-01
   7.1415000e+00   8.5580000e-01
   7.1446000e+00   8.5580000e-01
   7.1472000e+00   8.5580000e-01
   7.1505000e+00   8.5580000e-01
   7.1532000e+00   8.5550000e-01
   7.1554000e+00   8.5550000e-01
   7.1577000e+00   8.5550000e-01
   7.1607000e+00   8.5550000e-01
   7.1633000e+00   8.5550000e-01
   7.1664000e+00   8.5550000e-01
   7.1695000e+00   8.5550000e-01
   7.1727000e+00   8.5520000e-01
   7.1743000e+00   8.5520000e-01
   7.1777000e+00   8.5520000e-01
   7.1803000e+00   8.5520000e-01
   7.1828000e+00   8.5520000e-01
   7.1857000e+00   8.5520000e-01
   7.1888000e+00   8.5520000e-01
   7.1909000e+00   8.5520000e-01
   7.1939000e+00   8.5490000e-01
   7.1971000e+00   8.5490000e-01
   7.1996000e+00   8.5490000e-01
   7.2021000e+00   8.5490000e-01
   7.2046000e+00   8.5460000e-01
   7.2075000e+00   8.5460000e-01
   7.2107000e+00   8.5460000e-01
   7.2134000e+00   8.5460000e-01
   7.2158000e+00   8.5460000e-01
   7.2183000e+00   8.5460000e-01
   7.2213000e+00   8.5460000e-01
   7.2244000e+00   8.5460000e-01
   7.2263000e+00   8.5460000e-01
   7.2296000e+00   8.5430000e-01
   7.2326000e+00   8.5430000e-01
   7.2358000e+00   8.5430000e-01
   7.2380000e+00   8.5430000e-01
   7.2407000e+00   8.5430000e-01
   7.2432000e+00   8.5430000e-01
   7.2456000e+00   8.5430000e-01
   7.2484000e+00   8.5430000e-01
   7.2510000e+00   8.5430000e-01
   7.2536000e+00   8.5400000e-01
   7.2569000e+00   8.5400000e-01
   7.2594000e+00   8.5400000e-01
   7.2623000e+00   8.5400000e-01
   7.2655000e+00   8.5400000e-01
   7.2681000e+00   8.5400000e-01
   7.2711000e+00   8.5400000e-01
   7.2738000e+00   8.5370000e-01
   7.2772000e+00   8.5370000e-01
   7.2796000e+00   8.5370000e-01
   7.2824000e+00   8.5370000e-01
   7.2853000e+00   8.5370000e-01
   7.2885000e+00   8.5370000e-01
   7.2893000e+00   8.5370000e-01
   7.2927000e+00   8.5370000e-01
   7.2952000e+00   8.5340000e-01
   7.2979000e+00   8.5340000e-01
   7.3012000e+00   8.5340000e-01
   7.3037000e+00   8.5340000e-01
   7.3065000e+00   8.5340000e-01
   7.3086000e+00   8.5340000e-01
   7.3111000e+00   8.5310000e-01
   7.3150000e+00   8.5310000e-01
   7.3173000e+00   8.5310000e-01
   7.3198000e+00   8.5310000e-01
   7.3220000e+00   8.5310000e-01
   7.3249000e+00   8.5280000e-01
   7.3279000e+00   8.5280000e-01
   7.3306000e+00   8.5280000e-01
   7.3335000e+00   8.5280000e-01
   7.3359000e+00   8.5280000e-01
   7.3394000e+00   8.5280000e-01
   7.3410000e+00   8.5280000e-01
   7.3460000e+00   8.5250000e-01
   7.3468000e+00   8.5250000e-01
   7.3519000e+00   8.5250000e-01
   7.3520000e+00   8.5250000e-01
   7.3547000e+00   8.5250000e-01
   7.3598000e+00   8.5250000e-01
   7.3603000e+00   8.5250000e-01
   7.3638000e+00   8.5250000e-01
   7.3670000e+00   8.5250000e-01
   7.3701000e+00   8.5220000e-01
   7.3721000e+00   8.5220000e-01
   7.3748000e+00   8.5220000e-01
   7.3766000e+00   8.5220000e-01
   7.3802000e+00   8.5220000e-01
   7.3823000e+00   8.5220000e-01
   7.3859000e+00   8.5190000e-01
   7.3897000e+00   8.5190000e-01
   7.3903000e+00   8.5190000e-01
   7.3940000e+00   8.5190000e-01
   7.3962000e+00   8.5190000e-01
   7.3989000e+00   8.5190000e-01
   7.4034000e+00   8.5160000e-01
   7.4045000e+00   8.5160000e-01
   7.4082000e+00   8.5160000e-01
   7.4099000e+00   8.5160000e-01
   7.4127000e+00   8.5160000e-01
   7.4153000e+00   8.5160000e-01
   7.4190000e+00   8.5160000e-01
   7.4231000e+00   8.5160000e-01
   7.4235000e+00   8.5160000e-01
   7.4284000e+00   8.5130000e-01
   7.4290000e+00   8.5130000e-01
   7.4317000e+00   8.5130000e-01
   7.4345000e+00   8.5130000e-01
   7.4370000e+00   8.5130000e-01
   7.4422000e+00   8.5130000e-01
   7.4424000e+00   8.5130000e-01
   7.4468000e+00   8.5130000e-01
   7.4482000e+00   8.5100000e-01
   7.4518000e+00   8.5100000e-01
   7.4545000e+00   8.5100000e-01
   7.4577000e+00   8.5100000e-01
   7.4601000e+00   8.5100000e-01
   7.4630000e+00   8.5100000e-01
   7.4654000e+00   8.5070000e-01
   7.4696000e+00   8.5070000e-01
   7.4714000e+00   8.5070000e-01
   7.4740000e+00   8.5070000e-01
   7.4760000e+00   8.5070000e-01
   7.4804000e+00   8.5070000e-01
   7.4822000e+00   8.5070000e-01
   7.4839000e+00   8.5070000e-01
   7.4889000e+00   8.5040000e-01
   7.4900000e+00   8.5040000e-01
   7.4920000e+00   8.5040000e-01
   7.4947000e+00   8.5040000e-01
   7.4979000e+00   8.5040000e-01
   7.5022000e+00   8.5040000e-01
   7.5029000e+00   8.5010000e-01
   7.5054000e+00   8.5010000e-01
   7.5081000e+00   8.5010000e-01
   7.5113000e+00   8.5010000e-01
   7.5146000e+00   8.5010000e-01
   7.5166000e+00   8.5010000e-01
   7.5192000e+00   8.5010000e-01
   7.5233000e+00   8.4980000e-01
   7.5248000e+00   8.4980000e-01
   7.5275000e+00   8.4980000e-01
   7.5303000e+00   8.4980000e-01
   7.5335000e+00   8.4980000e-01
   7.5360000e+00   8.4980000e-01
   7.5403000e+00   8.4980000e-01
   7.5415000e+00   8.4980000e-01
   7.5451000e+00   8.4940000e-01
   7.5476000e+00   8.4940000e-01
   7.5493000e+00   8.4940000e-01
   7.5532000e+00   8.4940000e-01
   7.5558000e+00   8.4940000e-01
   7.5592000e+00   8.4940000e-01
   7.5620000e+00   8.4940000e-01
   7.5645000e+00   8.4940000e-01
   7.5665000e+00   8.4940000e-01
   7.5697000e+00   8.4910000e-01
   7.5729000e+00   8.4910000e-01
   7.5746000e+00   8.4910000e-01
   7.5793000e+00   8.4910000e-01
   7.5796000e+00   8.4910000e-01
   7.5825000e+00   8.4910000e-01
   7.5855000e+00   8.4910000e-01
   7.5890000e+00   8.4910000e-01
   7.5918000e+00   8.4910000e-01
   7.5945000e+00   8.4910000e-01
   7.5964000e+00   8.4880000e-01
   7.5999000e+00   8.4880000e-01
   7.6029000e+00   8.4880000e-01
   7.6062000e+00   8.4880000e-01
   7.6085000e+00   8.4880000e-01
   7.6120000e+00   8.4850000e-01
   7.6134000e+00   8.4850000e-01
   7.6161000e+00   8.4850000e-01
   7.6185000e+00   8.4850000e-01
   7.6216000e+00   8.4850000e-01
   7.6242000e+00   8.4850000e-01
   7.6267000e+00   8.4850000e-01
   7.6298000e+00   8.4850000e-01
   7.6330000e+00   8.4850000e-01
   7.6352000e+00   8.4820000e-01
   7.6373000e+00   8.4820000e-01
   7.6397000e+00   8.4820000e-01
   7.6434000e+00   8.4820000e-01
   7.6459000e+00   8.4820000e-01
   7.6493000e+00   8.4820000e-01
   7.6896000e+00   8.4760000e-01
   7.7269000e+00   8.4700000e-01
   7.7279000e+00   8.4700000e-01
   7.7307000e+00   8.4700000e-01
   7.7339000e+00   8.4700000e-01
   7.7367000e+00   8.4670000e-01
   7.7388000e+00   8.4670000e-01
   7.7416000e+00   8.4670000e-01
   7.7444000e+00   8.4670000e-01
   7.7472000e+00   8.4670000e-01
   7.7506000e+00   8.4670000e-01
   7.7534000e+00   8.4640000e-01
   7.7556000e+00   8.4640000e-01
   7.7582000e+00   8.4640000e-01
   7.7613000e+00   8.4640000e-01
   7.7637000e+00   8.4640000e-01
   7.7666000e+00   8.4640000e-01
   7.7686000e+00   8.4640000e-01
   7.7718000e+00   8.4640000e-01
   7.7746000e+00   8.4640000e-01
   7.7780000e+00   8.4610000e-01
   7.7799000e+00   8.4610000e-01
   7.7843000e+00   8.4610000e-01
   7.7872000e+00   8.4610000e-01
   7.7895000e+00   8.4610000e-01
   7.7921000e+00   8.4610000e-01
   7.7943000e+00   8.4610000e-01
   7.7968000e+00   8.4580000e-01
   7.8000000e+00   8.4580000e-01
   7.8020000e+00   8.4580000e-01
   7.8057000e+00   8.4580000e-01
   7.8082000e+00   8.4580000e-01
   7.8103000e+00   8.4580000e-01
   7.8130000e+00   8.4580000e-01
   7.8164000e+00   8.4550000e-01
   7.8185000e+00   8.4550000e-01
   7.8209000e+00   8.4550000e-01
   7.8243000e+00   8.4550000e-01
   7.8259000e+00   8.4550000e-01
   7.8292000e+00   8.4550000e-01
   7.8319000e+00   8.4550000e-01
   7.8356000e+00   8.4550000e-01
   7.8382000e+00   8.4520000e-01
   7.8407000e+00   8.4520000e-01
   7.8431000e+00   8.4520000e-01
   7.8455000e+00   8.4520000e-01
   7.8486000e+00   8.4520000e-01
   7.8524000e+00   8.4520000e-01
   7.8548000e+00   8.4520000e-01
   7.8578000e+00   8.4490000e-01
   7.8605000e+00   8.4490000e-01
   7.8622000e+00   8.4490000e-01
   7.8652000e+00   8.4490000e-01
   7.8684000e+00   8.4490000e-01
   7.8705000e+00   8.4490000e-01
   7.8738000e+00   8.4490000e-01
   7.8765000e+00   8.4460000e-01
   7.8790000e+00   8.4490000e-01
   7.8822000e+00   8.4490000e-01
   7.8845000e+00   8.4460000e-01
   7.8873000e+00   8.4460000e-01
   7.8898000e+00   8.4460000e-01
   7.8922000e+00   8.4460000e-01
   7.8946000e+00   8.4460000e-01
   7.8979000e+00   8.4460000e-01
   7.9007000e+00   8.4430000e-01
   7.9031000e+00   8.4430000e-01
   7.9061000e+00   8.4430000e-01
   7.9089000e+00   8.4430000e-01
   7.9118000e+00   8.4430000e-01
   7.9145000e+00   8.4430000e-01
   7.9166000e+00   8.4430000e-01
   7.9193000e+00   8.4400000e-01
   7.9222000e+00   8.4400000e-01
   7.9252000e+00   8.4400000e-01
   7.9290000e+00   8.4400000e-01
   7.9299000e+00   8.4400000e-01
   7.9331000e+00   8.4400000e-01
   7.9360000e+00   8.4400000e-01
   7.9391000e+00   8.4400000e-01
   7.9418000e+00   8.4370000e-01
   7.9441000e+00   8.4370000e-01
   7.9468000e+00   8.4370000e-01
   7.9503000e+00   8.4370000e-01
   7.9519000e+00   8.4370000e-01
   7.9553000e+00   8.4370000e-01
   7.9566000e+00   8.4370000e-01
   7.9578000e+00   8.4370000e-01
   7.9605000e+00   8.4370000e-01
   7.9635000e+00   8.4340000e-01
   7.9656000e+00   8.4340000e-01
   7.9690000e+00   8.4340000e-01
   7.9715000e+00   8.4340000e-01
   7.9757000e+00   8.4340000e-01
   7.9767000e+00   8.4310000e-01
   7.9798000e+00   8.4340000e-01
   7.9823000e+00   8.4310000e-01
   7.9848000e+00   8.4310000e-01
   7.9884000e+00   8.4310000e-01
   7.9905000e+00   8.4310000e-01
   7.9939000e+00   8.4310000e-01
   7.9967000e+00   8.4310000e-01
   7.9999000e+00   8.4280000e-01
   8.0029000e+00   8.4280000e-01
   8.0040000e+00   8.4280000e-01
   8.0070000e+00   8.4280000e-01
   8.0099000e+00   8.4310000e-01
   8.0132000e+00   8.4280000e-01
   8.0171000e+00   8.4280000e-01
   8.0191000e+00   8.4280000e-01
   8.0220000e+00   8.4250000e-01
   8.0246000e+00   8.4250000e-01
   8.0264000e+00   8.4250000e-01
   8.0296000e+00   8.4250000e-01
   8.0326000e+00   8.4250000e-01
   8.0349000e+00   8.4250000e-01
   8.0368000e+00   8.4250000e-01
   8.0408000e+00   8.4250000e-01
   8.0432000e+00   8.4210000e-01
   8.0462000e+00   8.4210000e-01
   8.0494000e+00   8.4210000e-01
   8.0523000e+00   8.4210000e-01
   8.0556000e+00   8.4210000e-01
   8.0579000e+00   8.4210000e-01
   8.0602000e+00   8.4210000e-01
   8.0612000e+00   8.4210000e-01
   8.0653000e+00   8.4210000e-01
   8.0684000e+00   8.4210000e-01
   8.0702000e+00   8.4180000e-01
   8.0730000e+00   8.4180000e-01
   8.0765000e+00   8.4180000e-01
   8.0796000e+00   8.4180000e-01
   8.0813000e+00   8.4180000e-01
   8.0844000e+00   8.4180000e-01
   8.0879000e+00   8.4150000e-01
   8.0906000e+00   8.4150000e-01
   8.0931000e+00   8.4150000e-01
   8.0950000e+00   8.4150000e-01
   8.0974000e+00   8.4150000e-01
   8.1008000e+00   8.4150000e-01
   8.1041000e+00   8.4150000e-01
   8.1057000e+00   8.4120000e-01
   8.1086000e+00   8.4120000e-01
   8.1122000e+00   8.4120000e-01
   8.1155000e+00   8.4120000e-01
   8.1172000e+00   8.4120000e-01
   8.1199000e+00   8.4120000e-01
   8.1228000e+00   8.4120000e-01
   8.1261000e+00   8.4090000e-01
   8.1288000e+00   8.4090000e-01
   8.1312000e+00   8.4090000e-01
   8.1345000e+00   8.4090000e-01
   8.1366000e+00   8.4090000e-01
   8.1385000e+00   8.4090000e-01
   8.1420000e+00   8.4090000e-01
   8.1452000e+00   8.4090000e-01
   8.1486000e+00   8.4060000e-01
   8.1516000e+00   8.4060000e-01
   8.1550000e+00   8.4060000e-01
   8.1579000e+00   8.4060000e-01
   8.1623000e+00   8.4060000e-01
   8.1636000e+00   8.4060000e-01
   8.1674000e+00   8.4060000e-01
   8.1699000e+00   8.4030000e-01
   8.1712000e+00   8.4030000e-01
   8.1744000e+00   8.4030000e-01
   8.1767000e+00   8.4030000e-01
   8.1806000e+00   8.4030000e-01
   8.1834000e+00   8.4030000e-01
   8.1846000e+00   8.4030000e-01
   8.1881000e+00   8.4000000e-01
   8.1911000e+00   8.4000000e-01
   8.1945000e+00   8.4000000e-01
   8.1969000e+00   8.4000000e-01
   8.1986000e+00   8.4000000e-01
   8.2025000e+00   8.4000000e-01
   8.2049000e+00   8.4000000e-01
   8.2071000e+00   8.4000000e-01
   8.2094000e+00   8.4000000e-01
   8.2128000e+00   8.3970000e-01
   8.2152000e+00   8.3970000e-01
   8.2183000e+00   8.3970000e-01
   8.2221000e+00   8.3970000e-01
   8.2253000e+00   8.3970000e-01
   8.2272000e+00   8.3970000e-01
   8.2297000e+00   8.3970000e-01
   8.2321000e+00   8.3940000e-01
   8.2358000e+00   8.3940000e-01
   8.2389000e+00   8.3940000e-01
   8.2410000e+00   8.3940000e-01
   8.2426000e+00   8.3940000e-01
   8.2449000e+00   8.3940000e-01
   8.2489000e+00   8.3910000e-01
   8.2516000e+00   8.3910000e-01
   8.2540000e+00   8.3910000e-01
   8.2576000e+00   8.3910000e-01
   8.2611000e+00   8.3910000e-01
   8.2643000e+00   8.3910000e-01
   8.2681000e+00   8.3910000e-01
   8.2705000e+00   8.3910000e-01
   8.2738000e+00   8.3880000e-01
   8.2762000e+00   8.3880000e-01
   8.2792000e+00   8.3880000e-01
   8.2819000e+00   8.3880000e-01
   8.2847000e+00   8.3880000e-01
   8.2874000e+00   8.3880000e-01
   8.2901000e+00   8.3850000e-01
   8.2929000e+00   8.3850000e-01
   8.2962000e+00   8.3850000e-01
   8.2983000e+00   8.3850000e-01
   8.3005000e+00   8.3850000e-01
   8.3041000e+00   8.3850000e-01
   8.3073000e+00   8.3850000e-01
   8.3091000e+00   8.3850000e-01
   8.3114000e+00   8.3820000e-01
   8.3139000e+00   8.3820000e-01
   8.3173000e+00   8.3820000e-01
   8.3218000e+00   8.3820000e-01
   8.3257000e+00   8.3820000e-01
   8.3282000e+00   8.3820000e-01
   8.3307000e+00   8.3820000e-01
   8.3333000e+00   8.3820000e-01
   8.3367000e+00   8.3790000e-01
   8.3391000e+00   8.3790000e-01
   8.3420000e+00   8.3790000e-01
   8.3443000e+00   8.3790000e-01
   8.3477000e+00   8.3790000e-01
   8.3501000e+00   8.3790000e-01
   8.3517000e+00   8.3790000e-01
   8.3555000e+00   8.3760000e-01
   8.3570000e+00   8.3760000e-01
   8.3600000e+00   8.3760000e-01
   8.3632000e+00   8.3760000e-01
   8.3656000e+00   8.3730000e-01
   8.3698000e+00   8.3730000e-01
   8.3711000e+00   8.3730000e-01
   8.3743000e+00   8.3730000e-01
   8.3775000e+00   8.3730000e-01
   8.3796000e+00   8.3730000e-01
   8.3827000e+00   8.3730000e-01
   8.3872000e+00   8.3700000e-01
   8.3912000e+00   8.3700000e-01
   8.3942000e+00   8.3700000e-01
   8.3963000e+00   8.3700000e-01
   8.3995000e+00   8.3700000e-01
   8.4026000e+00   8.3700000e-01
   8.4053000e+00   8.3700000e-01
   8.4072000e+00   8.3700000e-01
   8.4105000e+00   8.3700000e-01
   8.4132000e+00   8.3670000e-01
   8.4146000e+00   8.3670000e-01
   8.4195000e+00   8.3670000e-01
   8.4219000e+00   8.3670000e-01
   8.4235000e+00   8.3670000e-01
   8.4260000e+00   8.3670000e-01
   8.4282000e+00   8.3640000e-01
   8.4320000e+00   8.3640000e-01
   8.4337000e+00   8.3640000e-01
   8.4378000e+00   8.3640000e-01
   8.4390000e+00   8.3640000e-01
   8.4440000e+00   8.3640000e-01
   8.4462000e+00   8.3640000e-01
   8.4474000e+00   8.3640000e-01
   8.4510000e+00   8.3640000e-01
   8.4540000e+00   8.3610000e-01
   8.4580000e+00   8.3610000e-01
   8.4585000e+00   8.3610000e-01
   8.4617000e+00   8.3610000e-01
   8.4643000e+00   8.3610000e-01
   8.4674000e+00   8.3610000e-01
   8.4702000e+00   8.3610000e-01
   8.4719000e+00   8.3550000e-01
   8.4763000e+00   8.3580000e-01
   8.4776000e+00   8.3580000e-01
   8.4811000e+00   8.3580000e-01
   8.4846000e+00   8.3580000e-01
   8.4869000e+00   8.3580000e-01
   8.4883000e+00   8.3580000e-01
   8.4922000e+00   8.3550000e-01
   8.4964000e+00   8.3550000e-01
   8.4975000e+00   8.3550000e-01
   8.5013000e+00   8.3550000e-01
   8.5034000e+00   8.3550000e-01
   8.5060000e+00   8.3550000e-01
   8.5087000e+00   8.3550000e-01
   8.5116000e+00   8.3550000e-01
   8.5155000e+00   8.3520000e-01
   8.5165000e+00   8.3520000e-01
   8.5193000e+00   8.3520000e-01
   8.5221000e+00   8.3520000e-01
   8.5252000e+00   8.3520000e-01
   8.5270000e+00   8.3520000e-01
   8.5301000e+00   8.3520000e-01
   8.5329000e+00   8.3520000e-01
   8.5353000e+00   8.3490000e-01
   8.5395000e+00   8.3490000e-01
   8.5411000e+00   8.3490000e-01
   8.5431000e+00   8.3490000e-01
   8.5465000e+00   8.3490000e-01
   8.5499000e+00   8.3490000e-01
   8.5518000e+00   8.3450000e-01
   8.5564000e+00   8.3450000e-01
   8.5589000e+00   8.3450000e-01
   8.5600000e+00   8.3450000e-01
   8.5644000e+00   8.3450000e-01
   8.5656000e+00   8.3450000e-01
   8.5682000e+00   8.3450000e-01
   8.5709000e+00   8.3450000e-01
   8.5757000e+00   8.3450000e-01
   8.5770000e+00   8.3420000e-01
   8.5800000e+00   8.3420000e-01
   8.5826000e+00   8.3420000e-01
   8.5854000e+00   8.3420000e-01
   8.5872000e+00   8.3420000e-01
   8.5938000e+00   8.3420000e-01
   8.5962000e+00   8.3390000e-01
   8.5982000e+00   8.3390000e-01
   8.6011000e+00   8.3390000e-01
   8.6015000e+00   8.3390000e-01
   8.6037000e+00   8.3390000e-01
   8.6066000e+00   8.3390000e-01
   8.6094000e+00   8.3390000e-01
   8.6125000e+00   8.3390000e-01
   8.6155000e+00   8.3390000e-01
   8.6179000e+00   8.3390000e-01
   8.6208000e+00   8.3360000e-01
   8.6235000e+00   8.3360000e-01
   8.6261000e+00   8.3360000e-01
   8.6290000e+00   8.3360000e-01
   8.6310000e+00   8.3360000e-01
   8.6346000e+00   8.3360000e-01
   8.6370000e+00   8.3360000e-01
   8.6399000e+00   8.3360000e-01
   8.6432000e+00   8.3360000e-01
   8.6448000e+00   8.3360000e-01
   8.6476000e+00   8.3330000e-01
   8.6511000e+00   8.3330000e-01
   8.6541000e+00   8.3330000e-01
   8.6564000e+00   8.3330000e-01
   8.6597000e+00   8.3300000e-01
   8.6614000e+00   8.3300000e-01
   8.6648000e+00   8.3300000e-01
   8.6681000e+00   8.3300000e-01
   8.6710000e+00   8.3300000e-01
   8.6735000e+00   8.3300000e-01
   8.6768000e+00   8.3300000e-01
   8.6792000e+00   8.3300000e-01
   8.6816000e+00   8.3300000e-01
   8.6845000e+00   8.3300000e-01
   8.6872000e+00   8.3270000e-01
   8.6891000e+00   8.3270000e-01
   8.6926000e+00   8.3270000e-01
   8.6953000e+00   8.3270000e-01
   8.6974000e+00   8.3270000e-01
   8.7002000e+00   8.3270000e-01
   8.7026000e+00   8.3270000e-01
   8.7062000e+00   8.3240000e-01
   8.7089000e+00   8.3240000e-01
   8.7106000e+00   8.3240000e-01
   8.7130000e+00   8.3240000e-01
   8.7167000e+00   8.3240000e-01
   8.7191000e+00   8.3240000e-01
   8.7224000e+00   8.3240000e-01
   8.7250000e+00   8.3240000e-01
   8.7273000e+00   8.3210000e-01
   8.7305000e+00   8.3210000e-01
   8.7333000e+00   8.3210000e-01
   8.7357000e+00   8.3210000e-01
   8.7394000e+00   8.3210000e-01
   8.7413000e+00   8.3210000e-01
   8.7442000e+00   8.3210000e-01
   8.7468000e+00   8.3180000e-01
   8.7500000e+00   8.3180000e-01
   8.7530000e+00   8.3180000e-01
   8.7553000e+00   8.3180000e-01
   8.7569000e+00   8.3180000e-01
   8.7609000e+00   8.3180000e-01
   8.7630000e+00   8.3180000e-01
   8.7661000e+00   8.3180000e-01
   8.7684000e+00   8.3180000e-01
   8.7708000e+00   8.3150000e-01
   8.7734000e+00   8.3150000e-01
   8.7769000e+00   8.3150000e-01
   8.7801000e+00   8.3150000e-01
   8.7831000e+00   8.3150000e-01
   8.7852000e+00   8.3150000e-01
   8.7883000e+00   8.3150000e-01
   8.7915000e+00   8.3120000e-01
   8.7939000e+00   8.3120000e-01
   8.7962000e+00   8.3120000e-01
   8.7986000e+00   8.3120000e-01
   8.8016000e+00   8.3120000e-01
   8.8051000e+00   8.3120000e-01
   8.8078000e+00   8.3120000e-01
   8.8101000e+00   8.3090000e-01
   8.8121000e+00   8.3090000e-01
   8.8147000e+00   8.3090000e-01
   8.8186000e+00   8.3090000e-01
   8.8209000e+00   8.3090000e-01
   8.8233000e+00   8.3090000e-01
   8.8267000e+00   8.3090000e-01
   8.8295000e+00   8.3060000e-01
   8.8320000e+00   8.3090000e-01
   8.8343000e+00   8.3090000e-01
   8.8374000e+00   8.3060000e-01
   8.8402000e+00   8.3060000e-01
   8.8426000e+00   8.3060000e-01
   8.8458000e+00   8.3060000e-01
   8.8488000e+00   8.3060000e-01
   8.8512000e+00   8.3030000e-01
   8.8536000e+00   8.3030000e-01
   8.8559000e+00   8.3030000e-01
   8.8590000e+00   8.3030000e-01
   8.8613000e+00   8.3030000e-01
   8.8645000e+00   8.3030000e-01
   8.8664000e+00   8.3030000e-01
   8.8703000e+00   8.3030000e-01
   8.8721000e+00   8.3030000e-01
   8.8756000e+00   8.3000000e-01
   8.8786000e+00   8.3000000e-01
   8.8813000e+00   8.3000000e-01
   8.8830000e+00   8.3000000e-01
   8.8859000e+00   8.3000000e-01
   8.8887000e+00   8.2970000e-01
   8.8914000e+00   8.2970000e-01
   8.8936000e+00   8.2970000e-01
   8.8988000e+00   8.2970000e-01
   8.8993000e+00   8.2970000e-01
   8.9019000e+00   8.2970000e-01
   8.9070000e+00   8.2970000e-01
   8.9076000e+00   8.2970000e-01
   8.9122000e+00   8.2970000e-01
   8.9148000e+00   8.2940000e-01
   8.9181000e+00   8.2940000e-01
   8.9195000e+00   8.2940000e-01
   8.9233000e+00   8.2940000e-01
   8.9250000e+00   8.2910000e-01
   8.9291000e+00   8.2910000e-01
   8.9292000e+00   8.2910000e-01
   8.9345000e+00   8.2910000e-01
   8.9351000e+00   8.2910000e-01
   8.9380000e+00   8.2910000e-01
   8.9412000e+00   8.2910000e-01
   8.9453000e+00   8.2910000e-01
   8.9466000e+00   8.2910000e-01
   8.9504000e+00   8.2910000e-01
   8.9511000e+00   8.2880000e-01
   8.9555000e+00   8.2880000e-01
   8.9578000e+00   8.2880000e-01
   8.9618000e+00   8.2880000e-01
   8.9629000e+00   8.2880000e-01
   8.9650000e+00   8.2880000e-01
   8.9687000e+00   8.2880000e-01
   8.9710000e+00   8.2880000e-01
   8.9755000e+00   8.2880000e-01
   8.9761000e+00   8.2880000e-01
   8.9789000e+00   8.2850000e-01
   8.9822000e+00   8.2850000e-01
   8.9841000e+00   8.2850000e-01
   8.9890000e+00   8.2850000e-01
   8.9920000e+00   8.2850000e-01
   8.9935000e+00   8.2820000e-01
   8.9967000e+00   8.2820000e-01
   9.0000000e+00   8.2820000e-01
   9.0014000e+00   8.2820000e-01
   9.0032000e+00   8.2820000e-01
   9.0067000e+00   8.2820000e-01
   9.0105000e+00   8.2820000e-01
   9.0138000e+00   8.2820000e-01
   9.0143000e+00   8.2790000e-01
   9.0195000e+00   8.2790000e-01
   9.0233000e+00   8.2790000e-01
   9.0273000e+00   8.2790000e-01
   9.0298000e+00   8.2790000e-01
   9.0316000e+00   8.2790000e-01
   9.0356000e+00   8.2760000e-01
   9.0386000e+00   8.2790000e-01
   9.0397000e+00   8.2760000e-01
   9.0397000e+00   8.2760000e-01
   9.0434000e+00   8.2760000e-01
   9.0446000e+00   8.2760000e-01
   9.0471000e+00   8.2760000e-01
   9.0516000e+00   8.2760000e-01
   9.0534000e+00   8.2760000e-01
   9.0562000e+00   8.2720000e-01
   9.0588000e+00   8.2720000e-01
   9.0611000e+00   8.2720000e-01
   9.0635000e+00   8.2720000e-01
   9.0678000e+00   8.2720000e-01
   9.0706000e+00   8.2720000e-01
   9.0728000e+00   8.2720000e-01
   9.0762000e+00   8.2690000e-01
   9.0780000e+00   8.2690000e-01
   9.0808000e+00   8.2690000e-01
   9.0843000e+00   8.2690000e-01
   9.0855000e+00   8.2690000e-01
   9.0893000e+00   8.2690000e-01
   9.0919000e+00   8.2690000e-01
   9.0936000e+00   8.2690000e-01
   9.0964000e+00   8.2690000e-01
   9.0994000e+00   8.2660000e-01
   9.1026000e+00   8.2660000e-01
   9.1057000e+00   8.2660000e-01
   9.1089000e+00   8.2660000e-01
   9.1108000e+00   8.2660000e-01
   9.1141000e+00   8.2630000e-01
   9.1169000e+00   8.2630000e-01
   9.1186000e+00   8.2630000e-01
   9.1223000e+00   8.2630000e-01
   9.1236000e+00   8.2630000e-01
   9.1289000e+00   8.2630000e-01
   9.1298000e+00   8.2630000e-01
   9.1344000e+00   8.2630000e-01
   9.1368000e+00   8.2600000e-01
   9.1373000e+00   8.2600000e-01
   9.1401000e+00   8.2600000e-01
   9.1432000e+00   8.2600000e-01
   9.1471000e+00   8.2600000e-01
   9.1503000e+00   8.2600000e-01
   9.1523000e+00   8.2600000e-01
   9.1545000e+00   8.2600000e-01
   9.1566000e+00   8.2600000e-01
   9.1594000e+00   8.2600000e-01
   9.1620000e+00   8.2570000e-01
   9.1657000e+00   8.2570000e-01
   9.1674000e+00   8.2570000e-01
   9.1704000e+00   8.2570000e-01
   9.1754000e+00   8.2570000e-01
   9.1757000e+00   8.2570000e-01
   9.1786000e+00   8.2570000e-01
   9.1834000e+00   8.2540000e-01
   9.1844000e+00   8.2540000e-01
   9.1882000e+00   8.2540000e-01
   9.1895000e+00   8.2540000e-01
   9.1946000e+00   8.2540000e-01
   9.1950000e+00   8.2540000e-01
   9.1981000e+00   8.2540000e-01
   9.2031000e+00   8.2510000e-01
   9.2063000e+00   8.2510000e-01
   9.2087000e+00   8.2510000e-01
   9.2131000e+00   8.2510000e-01
   9.2142000e+00   8.2510000e-01
   9.2175000e+00   8.2510000e-01
   9.2201000e+00   8.2510000e-01
   9.2227000e+00   8.2480000e-01
   9.2256000e+00   8.2480000e-01
   9.2289000e+00   8.2480000e-01
   9.2316000e+00   8.2480000e-01
   9.2342000e+00   8.2480000e-01
   9.2367000e+00   8.2480000e-01
   9.2403000e+00   8.2480000e-01
   9.2420000e+00   8.2480000e-01
   9.2450000e+00   8.2450000e-01
   9.2485000e+00   8.2450000e-01
   9.2502000e+00   8.2450000e-01
   9.2528000e+00   8.2450000e-01
   9.2549000e+00   8.2450000e-01
   9.2587000e+00   8.2420000e-01
   9.2619000e+00   8.2420000e-01
   9.2650000e+00   8.2420000e-01
   9.2680000e+00   8.2420000e-01
   9.2698000e+00   8.2420000e-01
   9.2718000e+00   8.2420000e-01
   9.2758000e+00   8.2420000e-01
   9.2778000e+00   8.2420000e-01
   9.2804000e+00   8.2390000e-01
   9.2823000e+00   8.2390000e-01
   9.2870000e+00   8.2390000e-01
   9.2884000e+00   8.2390000e-01
   9.2911000e+00   8.2390000e-01
   9.2943000e+00   8.2390000e-01
   9.2983000e+00   8.2390000e-01
   9.2991000e+00   8.2390000e-01
   9.3032000e+00   8.2360000e-01
   9.3046000e+00   8.2360000e-01
   9.3073000e+00   8.2360000e-01
   9.3103000e+00   8.2360000e-01
   9.3129000e+00   8.2360000e-01
   9.3171000e+00   8.2360000e-01
   9.3190000e+00   8.2390000e-01
   9.3236000e+00   8.2330000e-01
   9.3266000e+00   8.2330000e-01
   9.3292000e+00   8.2330000e-01
   9.3319000e+00   8.2330000e-01
   9.3357000e+00   8.2330000e-01
   9.3390000e+00   8.2330000e-01
   9.3407000e+00   8.2330000e-01
   9.3429000e+00   8.2330000e-01
   9.3457000e+00   8.2330000e-01
   9.3488000e+00   8.2300000e-01
   9.3510000e+00   8.2300000e-01
   9.3537000e+00   8.2300000e-01
   9.3577000e+00   8.2300000e-01
   9.3600000e+00   8.2300000e-01
   9.3644000e+00   8.2300000e-01
   9.3672000e+00   8.2300000e-01
   9.3680000e+00   8.2270000e-01
   9.3700000e+00   8.2270000e-01
   9.3751000e+00   8.2270000e-01
   9.3756000e+00   8.2270000e-01
   9.3792000e+00   8.2270000e-01
   9.3817000e+00   8.2270000e-01
   9.3854000e+00   8.2270000e-01
   9.3867000e+00   8.2270000e-01
   9.3893000e+00   8.2240000e-01
   9.3922000e+00   8.2240000e-01
   9.3962000e+00   8.2240000e-01
   9.3987000e+00   8.2240000e-01
   9.4018000e+00   8.2240000e-01
   9.4030000e+00   8.2240000e-01
   9.4063000e+00   8.2240000e-01
   9.4084000e+00   8.2210000e-01
   9.4128000e+00   8.2210000e-01
   9.4150000e+00   8.2210000e-01
   9.4163000e+00   8.2210000e-01
   9.4177000e+00   8.2210000e-01
   9.4208000e+00   8.2210000e-01
   9.4231000e+00   8.2210000e-01
   9.4258000e+00   8.2210000e-01
   9.4288000e+00   8.2210000e-01
   9.4301000e+00   8.2210000e-01
   9.4348000e+00   8.2180000e-01
   9.4380000e+00   8.2180000e-01
   9.4411000e+00   8.2180000e-01
   9.4434000e+00   8.2180000e-01
   9.4446000e+00   8.2180000e-01
   9.4466000e+00   8.2180000e-01
   9.4510000e+00   8.2180000e-01
   9.4536000e+00   8.2150000e-01
   9.4555000e+00   8.2150000e-01
   9.4597000e+00   8.2150000e-01
   9.4614000e+00   8.2150000e-01
   9.4633000e+00   8.2150000e-01
   9.4658000e+00   8.2150000e-01
   9.4690000e+00   8.2150000e-01
   9.4733000e+00   8.2150000e-01
   9.4752000e+00   8.2120000e-01
   9.4783000e+00   8.2120000e-01
   9.4807000e+00   8.2120000e-01
   9.4845000e+00   8.2120000e-01
   9.4876000e+00   8.2120000e-01
   9.4886000e+00   8.2120000e-01
   9.4916000e+00   8.2120000e-01
   9.4945000e+00   8.2090000e-01
   9.4972000e+00   8.2090000e-01
   9.4987000e+00   8.2090000e-01
   9.5039000e+00   8.2090000e-01
